[WORLD_SIZE:18]
[SYSTEM:ALPHA]
[DEBRIS:20:10]
[CLUSTER:877:202]
868 202
890 214
852 121
828 208
891 220
876 60
894 221
883 214
890 269
847 212
913 93
789 319
1010 231
862 208
848 288
874 202
899 329
868 180
977 230
832 68
[CLUSTER:708:273]
614 168
810 349
595 336
700 259
735 355
624 273
751 372
641 301
697 213
753 179
778 287
748 298
681 240
708 347
677 294
706 339
758 279
651 271
792 350
645 273
[CLUSTER:254:161]
255 248
172 236
310 223
264 222
304 113
310 182
212 147
268 113
279 146
164 64
389 122
306 147
255 182
216 131
171 282
221 97
399 146
253 183
269 236
359 201
[CLUSTER:550:686]
612 678
518 746
659 652
676 764
489 618
477 727
694 690
496 734
548 679
585 619
432 624
450 646
653 742
513 754
660 703
544 670
590 567
537 659
563 764
565 686
[CLUSTER:935:115]
860 38
935 115
936 93
938 85
875 124
927 110
991 130
997 80
895 155
914 131
1072 113
947 93
1058 60
917 83
957 106
1025 25
984 74
827 149
824 25
1076 147
[SPAWNERS:2]
863 251
353 83
[SYSTEM:BETA]
[DEBRIS:20:5]
[CLUSTER:425:645]
321 670
491 624
357 691
327 560
422 691
495 698
306 675
407 783
289 707
433 732
348 575
488 750
516 651
481 606
339 586
528 733
455 680
412 784
427 652
459 681
[CLUSTER:289:556]
300 699
321 475
192 542
291 571
151 584
319 594
308 564
417 578
192 596
345 579
307 584
339 450
289 622
319 647
291 577
203 625
342 553
166 484
341 428
292 557
[CLUSTER:560:553]
545 501
573 551
606 553
557 632
514 527
654 637
493 542
591 538
605 440
507 620
627 656
626 608
507 455
619 432
580 544
498 428
548 469
548 444
575 574
681 563
[CLUSTER:687:440]
785 530
716 374
542 461
602 463
644 458
695 498
773 447
592 492
677 440
572 427
690 441
558 422
633 469
690 456
744 539
612 359
624 343
728 442
662 437
692 448
[CLUSTER:510:92]
501 198
527 77
568 122
588 102
516 98
486 119
434 76
547 127
560 143
502 59
543 15
517 117
501 81
448 10
477 113
567 223
479 44
632 112
462 108
570 150
[SPAWNERS:2]
702 639
955 510
[SYSTEM:GAMMA]
[DEBRIS:20:15]
[CLUSTER:549:797]
630 684
565 823
529 709
572 812
630 919
567 888
548 808
538 891
634 806
549 797
560 779
484 786
580 887
515 750
567 763
452 701
518 780
552 706
629 873
476 704
[CLUSTER:842:720]
796 759
862 623
854 655
904 706
849 663
849 783
841 643
879 761
826 794
818 794
757 695
883 757
888 704
864 655
772 696
806 848
827 732
704 712
867 738
922 812
[CLUSTER:607:163]
583 95
671 191
545 183
527 74
544 111
684 216
484 156
660 212
553 143
560 160
594 198
623 175
561 172
739 190
571 170
630 166
663 194
655 36
551 134
594 155
[CLUSTER:525:151]
406 179
551 144
389 100
378 133
637 230
590 263
539 24
566 281
500 154
522 139
588 198
606 118
538 127
527 130
422 118
517 182
650 155
658 109
512 122
500 71
[CLUSTER:89:717]
58 804
193 802
139 802
81 723
139 856
99 629
88 713
71 780
72 659
110 733
223 694
133 637
47 639
56 715
111 653
133 678
-5 662
31 693
19 844
96 717
[SPAWNERS:4]
859 313
912 510
90 900
652 8
[SYSTEM:DELTA]
[DEBRIS:20:5]
[CLUSTER:134:745]
91 818
18 665
36 636
33 823
127 831
152 751
131 688
182 656
199 767
153 773
42 733
92 820
174 679
193 708
134 596
227 717
171 748
86 715
29 687
185 738
[CLUSTER:98:445]
71 514
178 497
31 331
101 453
180 544
14 516
70 499
7 410
148 502
129 445
104 352
201 388
146 457
49 390
86 451
99 378
93 443
18 440
137 420
66 459
[CLUSTER:110:430]
137 386
63 413
144 423
143 563
110 431
100 508
128 534
84 369
92 389
194 376
80 506
131 474
51 379
127 341
198 428
107 431
92 437
115 435
106 452
142 376
[CLUSTER:305:384]
270 347
259 353
275 364
388 401
298 401
332 414
170 380
305 390
257 419
231 441
409 327
305 385
353 368
433 316
309 361
268 501
215 464
285 322
323 527
288 432
[CLUSTER:502:180]
525 156
539 127
554 225
484 169
413 99
482 149
533 224
488 205
467 204
446 222
411 185
601 98
569 150
510 74
474 166
558 250
405 198
474 171
524 160
527 161
[SPAWNERS:7]
464 614
946 476
16 235
836 350
555 959
372 793
993 378
[SYSTEM:EPSILON]
[DEBRIS:20:15]
[CLUSTER:0:325]
-72 226
6 277
5 324
114 312
-84 391
0 343
25 307
15 353
46 271
-15 356
-38 367
113 254
-17 206
-51 250
6 310
22 387
-64 350
-48 433
-34 261
-13 315
[CLUSTER:714:164]
695 167
694 78
714 167
711 154
706 155
608 146
682 187
758 187
681 254
773 291
757 60
762 100
741 170
685 187
774 157
717 118
732 169
741 92
664 28
667 63
[CLUSTER:212:42]
236 141
183 153
291 134
254 78
213 0
212 42
315 100
194 104
212 42
223 -24
265 5
206 30
342 58
260 134
286 -39
214 42
146 57
193 77
137 55
300 142
[CLUSTER:880:679]
840 666
860 698
789 763
877 803
824 695
949 643
805 677
946 595
897 638
865 691
778 741
796 646
882 689
879 679
940 808
852 781
962 573
925 617
909 733
857 752
[CLUSTER:199:267]
224 330
58 242
314 277
220 264
214 251
102 219
199 267
245 407
216 153
222 243
172 247
299 326
157 254
276 275
203 261
245 232
306 290
195 274
218 311
94 351
[SPAWNERS:7]
107 994
92 964
971 731
128 950
433 795
999 818
396 154
[SYSTEM:ZETA]
[DEBRIS:20:5]
[CLUSTER:857:621]
926 567
868 556
856 623
951 525
940 640
896 639
734 603
964 649
811 635
762 655
782 614
921 624
981 686
932 641
816 677
790 532
866 580
898 719
776 729
823 599
[CLUSTER:792:418]
759 340
813 465
799 415
880 454
912 443
920 429
774 431
798 437
663 346
805 497
835 393
723 510
818 425
794 433
845 528
811 397
865 357
701 494
813 311
792 418
[CLUSTER:503:363]
605 427
562 444
540 394
583 292
372 432
602 389
518 315
503 365
583 420
456 334
544 382
530 411
430 367
504 363
524 489
446 359
524 356
632 297
443 345
570 391
[CLUSTER:940:613]
836 613
964 619
860 490
856 602
948 607
1071 607
931 595
933 612
940 611
1002 594
953 609
933 593
921 686
944 603
951 625
1005 724
898 662
1000 649
1000 573
940 615
[CLUSTER:33:534]
5 517
8 533
92 415
113 602
97 564
-100 521
43 492
13 456
-46 466
81 506
108 440
131 605
-3 426
71 411
-79 602
-5 516
-38 646
32 551
37 532
39 516
[SPAWNERS:3]
722 560
374 490
707 661
[SYSTEM:ETA]
[DEBRIS:20:15]
[CLUSTER:709:114]
716 151
804 41
677 65
701 184
586 163
653 93
682 254
791 107
755 -14
685 106
846 114
676 162
658 49
744 73
744 25
703 117
718 172
771 68
722 29
819 103
[CLUSTER:547:345]
511 353
462 282
529 349
504 461
579 483
539 340
536 347
537 408
584 217
482 370
628 229
606 453
576 350
413 306
569 418
539 356
582 251
583 292
564 361
420 313
[CLUSTER:494:462]
424 574
494 461
534 514
462 443
514 366
615 536
496 596
504 584
503 587
590 548
447 472
494 468
472 468
525 527
452 490
461 468
485 501
597 474
429 505
362 425
[CLUSTER:801:482]
818 496
808 401
800 406
768 519
746 418
799 474
788 401
831 459
786 487
788 386
930 444
770 483
764 568
851 508
805 486
836 431
693 465
702 440
810 452
841 482
[CLUSTER:919:435]
1039 351
948 436
946 306
919 483
906 503
875 308
987 408
996 502
1033 361
923 439
811 529
952 534
912 419
861 362
866 517
1008 351
926 531
915 435
918 530
912 420
[SPAWNERS:14]
80 768
582 763
744 865
630 876
459 455
70 155
33 940
49 141
240 359
763 300
535 98
592 721
992 604
322 518
[SYSTEM:THETA]
[DEBRIS:20:10]
[CLUSTER:800:7]
884 -38
798 6
713 -54
831 11
687 31
808 4
820 -76
837 59
791 -6
762 40
794 -93
790 11
714 5
689 -11
807 19
671 53
863 103
815 -15
714 34
806 5
[CLUSTER:13:342]
42 356
-22 390
121 384
121 329
34 413
11 342
57 384
10 344
10 263
-118 401
62 356
11 213
21 348
9 342
22 396
-33 353
-18 408
65 282
-106 431
-67 247
[CLUSTER:691:299]
803 311
684 279
741 317
754 272
636 312
793 269
571 279
686 351
722 426
781 318
648 331
619 294
810 245
664 232
683 342
694 172
682 295
695 309
641 376
688 299
[CLUSTER:272:374]
273 372
276 290
270 426
351 416
354 392
343 450
383 470
362 277
228 392
316 366
223 413
391 365
232 366
255 365
233 413
267 321
217 314
385 305
274 379
378 378
[CLUSTER:557:755]
587 884
579 786
576 813
447 780
460 693
557 757
564 839
503 621
564 710
604 748
542 665
425 808
533 678
515 712
492 795
508 887
527 621
471 820
462 804
411 765
[SPAWNERS:2]
503 352
262 124
[SYSTEM:IOTA]
[DEBRIS:20:15]
[CLUSTER:546:29]
630 71
477 -25
408 57
573 -75
492 92
461 139
533 43
430 24
502 148
573 -82
670 38
567 24
527 33
491 48
546 29
687 60
403 16
540 -8
551 45
640 83
[CLUSTER:857:167]
909 202
950 220
968 200
781 92
954 248
852 157
914 239
866 120
738 158
907 145
888 191
864 166
894 233
896 306
851 196
846 175
855 160
716 131
929 196
921 84
[CLUSTER:890:734]
955 616
822 756
884 693
808 709
873 746
906 674
845 759
891 639
1012 744
983 661
999 718
794 745
755 745
1003 807
826 692
864 611
770 798
938 742
913 793
1037 749
[CLUSTER:400:554]
438 599
317 675
434 561
395 534
401 556
430 607
420 531
307 482
496 625
405 552
337 610
420 531
367 537
285 462
512 551
536 596
357 616
386 552
322 624
336 504
[CLUSTER:875:411]
934 369
905 520
939 393
875 400
894 376
959 299
811 532
860 415
897 429
843 356
911 416
807 286
922 411
851 555
982 495
835 508
767 323
921 394
827 314
977 366
[SPAWNERS:8]
675 188
34 42
237 30
989 768
929 127
51 471
820 668
556 567
[SYSTEM:KAPPA]
[DEBRIS:20:5]
[CLUSTER:497:681]
567 576
502 625
497 739
540 664
531 661
431 682
525 738
576 679
568 692
524 696
578 724
553 685
572 559
554 697
492 666
480 615
550 700
548 763
435 633
607 767
[CLUSTER:478:28]
473 39
421 55
477 29
513 69
608 42
486 147
429 35
365 26
478 28
368 63
518 20
509 153
433 138
511 -59
477 47
591 59
356 -21
460 148
547 86
455 112
[CLUSTER:586:455]
695 414
610 445
546 526
594 458
586 536
542 438
611 436
574 533
626 500
585 531
581 476
623 516
627 427
577 540
682 442
542 555
708 432
636 564
586 568
543 364
[CLUSTER:285:558]
310 424
324 544
280 573
306 563
242 655
183 617
245 504
264 485
280 570
310 660
289 600
406 570
256 661
362 668
228 499
271 438
348 606
316 479
390 592
284 558
[CLUSTER:911:549]
883 543
1015 650
890 580
901 549
789 514
786 529
901 542
935 527
908 513
869 525
900 564
919 596
918 574
941 556
917 644
819 566
889 500
801 507
981 648
865 545
[SPAWNERS:15]
318 858
705 763
238 817
579 643
546 143
435 7
590 801
349 964
972 762
360 965
152 777
752 294
504 395
304 902
674 809
[SYSTEM:IAMBDA]
[DEBRIS:20:10]
[CLUSTER:238:132]
260 122
248 111
252 0
196 227
173 160
235 26
259 6
261 278
211 103
221 81
376 103
271 241
287 75
223 126
285 166
249 16
140 78
205 200
156 89
225 131
[CLUSTER:195:471]
199 464
126 344
188 441
216 556
56 468
54 467
189 428
287 408
146 405
279 472
229 427
284 539
124 350
211 488
208 502
149 600
139 559
267 545
139 483
178 447
[CLUSTER:112:678]
34 632
125 734
25 653
77 789
23 648
65 686
205 733
199 629
117 678
129 677
95 759
156 760
52 688
90 640
98 688
39 711
31 774
108 668
172 606
250 694
[CLUSTER:21:553]
-124 575
-1 540
-9 484
138 595
-49 543
10 532
128 459
37 515
25 529
21 551
8 559
-15 681
112 544
-46 439
17 569
108 662
-6 677
15 512
30 476
21 568
[CLUSTER:107:744]
-32 788
178 872
147 685
152 725
152 820
108 700
112 610
180 732
13 732
101 729
118 724
207 667
-31 729
111 747
186 768
67 678
208 804
50 722
188 679
80 734
[SPAWNERS:6]
476 847
628 728
906 725
970 326
16 226
208 213
[SYSTEM:MU]
[DEBRIS:20:10]
[CLUSTER:903:104]
903 104
991 9
941 52
795 49
840 140
780 174
924 231
905 164
991 -8
867 168
945 -33
865 117
878 214
951 55
999 73
972 191
856 222
1008 79
895 70
910 220
[CLUSTER:898:651]
899 652
885 643
931 625
862 607
897 670
897 621
1023 628
912 572
781 575
798 587
964 779
900 643
783 557
846 722
855 648
781 603
844 543
901 651
964 693
858 631
[CLUSTER:100:172]
189 128
-3 257
80 290
104 247
45 175
54 155
79 241
70 265
48 216
18 281
25 167
139 251
117 168
98 155
100 204
208 108
78 307
74 292
109 189
202 190
[CLUSTER:824:596]
875 589
751 575
899 570
862 529
912 516
960 572
851 602
757 652
889 553
843 564
858 502
700 539
780 531
941 585
933 658
740 616
832 594
762 647
800 704
881 479
[CLUSTER:762:571]
850 465
863 632
728 561
781 574
806 577
880 645
778 521
774 558
776 585
738 639
855 537
752 558
664 634
704 553
657 480
657 563
775 580
891 635
702 474
792 708
[SPAWNERS:10]
234 273
8 186
796 933
837 355
926 58
466 562
103 74
789 261
734 628
377 605
[SYSTEM:NU]
[DEBRIS:20:15]
[CLUSTER:200:649]
201 680
94 746
233 651
259 614
242 673
168 679
250 676
87 659
250 618
97 610
227 688
346 653
205 655
302 628
285 584
250 678
113 705
229 650
214 760
232 511
[CLUSTER:619:66]
577 100
623 66
574 92
610 90
545 128
486 41
616 86
532 158
533 69
697 3
630 70
558 119
621 55
662 -2
680 -36
553 16
545 -6
705 67
638 47
619 65
[CLUSTER:219:348]
334 393
215 317
203 251
229 262
170 373
213 370
267 365
314 233
233 356
228 312
302 395
160 436
161 369
276 319
195 302
341 298
105 433
158 304
315 262
252 396
[CLUSTER:376:743]
397 739
468 755
299 797
481 708
369 694
347 747
467 769
378 841
401 724
426 651
376 884
348 649
295 733
447 747
370 711
409 784
396 742
313 737
319 703
342 745
[CLUSTER:13:764]
56 757
20 810
30 782
27 773
-101 716
-92 804
-10 756
142 777
100 801
-15 727
72 674
-4 896
-3 760
67 700
-76 858
71 844
133 728
-29 784
132 704
-33 636
[SPAWNERS:6]
207 96
139 151
153 90
254 378
392 666
910 566
[SYSTEM:XI]
[DEBRIS:20:15]
[CLUSTER:200:271]
196 341
168 354
148 185
184 165
253 410
160 265
205 325
284 273
255 375
113 178
178 185
231 282
109 234
266 397
217 392
257 323
199 270
181 272
309 197
104 290
[CLUSTER:826:254]
821 326
826 331
868 193
844 371
857 387
899 365
848 280
742 284
937 217
879 167
952 258
757 301
814 272
749 310
810 263
805 251
934 272
914 190
825 262
837 254
[CLUSTER:298:632]
328 644
222 537
297 632
319 634
339 636
333 749
309 635
180 670
298 627
359 628
195 613
346 599
304 648
258 627
316 562
283 543
303 614
350 574
279 620
315 642
[CLUSTER:601:478]
600 495
530 560
513 491
601 433
588 492
612 401
709 443
606 470
656 597
513 463
683 435
661 471
601 479
535 569
551 351
662 552
610 474
633 484
645 453
601 525
[CLUSTER:138:101]
204 45
126 2
143 105
92 39
215 156
148 138
154 121
155 8
137 63
41 196
27 161
164 175
82 97
140 102
115 63
222 169
57 163
170 129
233 94
156 66
[SPAWNERS:20]
834 686
891 277
656 227
188 343
146 327
93 757
176 977
591 935
207 369
221 830
388 50
557 582
679 242
296 842
461 383
52 239
298 745
648 834
914 201
17 701
[SYSTEM:OMICRON]
[DEBRIS:20:15]
[CLUSTER:811:687]
934 759
859 556
865 603
861 826
806 679
686 687
837 740
929 768
838 772
798 727
784 782
737 638
811 666
691 712
808 685
781 628
842 689
732 703
886 753
899 688
[CLUSTER:210:473]
179 505
228 447
175 475
138 530
124 388
244 517
151 401
284 560
159 367
217 515
153 341
74 473
223 541
98 386
256 412
170 480
248 447
212 471
199 482
247 432
[CLUSTER:724:671]
759 809
795 724
844 729
724 673
687 677
698 656
615 671
867 708
755 648
667 729
723 674
730 799
645 581
673 549
659 693
659 681
675 597
717 670
762 535
833 652
[CLUSTER:233:639]
208 761
179 696
256 581
256 638
355 699
223 604
177 734
341 548
149 616
223 634
239 638
115 656
301 511
255 697
307 547
223 648
253 596
298 692
303 710
279 623
[CLUSTER:558:60]
558 32
495 35
558 190
613 28
600 182
624 100
563 9
471 9
556 60
542 75
579 139
540 58
632 -46
541 78
560 32
648 116
508 61
509 18
670 -25
495 152
[SPAWNERS:28]
810 250
659 478
235 974
680 985
140 786
970 626
378 205
406 926
586 955
28 687
564 630
631 357
399 441
616 563
518 42
1 130
902 782
477 362
986 567
138 735
73 697
800 474
720 689
858 625
187 71
257 374
938 620
500 358
[SYSTEM:PI]
[DEBRIS:20:5]
[CLUSTER:284:419]
194 401
330 407
189 403
164 411
170 397
306 522
381 449
286 386
244 387
156 396
241 382
277 396
207 338
232 418
300 370
273 311
277 418
272 314
335 518
250 467
[CLUSTER:81:47]
81 33
44 87
69 -43
208 81
18 47
8 94
28 26
-22 112
36 70
193 -48
184 32
200 66
118 66
177 -36
139 -9
138 35
82 41
117 -67
190 96
169 44
[CLUSTER:840:559]
804 569
897 520
851 696
840 678
880 629
745 597
767 679
863 559
753 474
844 685
835 555
740 639
840 547
780 611
936 545
814 550
975 509
840 580
759 465
790 493
[CLUSTER:147:255]
188 313
248 147
249 322
197 203
228 272
118 290
146 176
135 221
59 232
249 165
151 253
145 253
79 344
144 259
118 195
187 262
143 251
51 234
257 253
77 247
[CLUSTER:822:571]
842 530
737 553
853 526
877 528
839 580
853 671
783 695
816 584
814 623
849 459
809 637
768 473
725 590
822 600
853 563
811 590
792 591
779 568
938 651
823 569
[SPAWNERS:17]
704 705
816 760
541 592
888 738
513 97
9 262
909 796
649 887
989 365
304 261
449 175
458 839
63 20
368 454
177 656
420 500
301 471
[SYSTEM:RHO]
[DEBRIS:20:15]
[CLUSTER:675:567]
766 565
707 527
636 579
604 615
665 437
711 457
705 471
676 444
608 641
673 571
730 438
706 589
611 503
597 501
696 525
710 633
663 556
568 645
785 583
675 567
[CLUSTER:120:486]
-18 522
164 524
202 471
4 491
-10 435
240 437
164 395
81 545
108 463
167 573
139 424
152 412
97 497
119 487
145 388
104 529
139 495
160 537
77 402
176 534
[CLUSTER:35:410]
58 344
58 460
43 411
41 420
3 473
5 314
157 471
-96 347
47 483
19 389
7 438
34 447
-9 474
21 557
15 474
123 443
9 504
162 465
-12 443
70 397
[CLUSTER:25:437]
31 481
41 413
27 445
-20 377
-42 334
33 523
-55 529
93 443
-89 363
132 513
38 517
31 466
88 350
16 437
67 422
64 322
53 504
-84 528
93 478
101 431
[CLUSTER:71:290]
99 223
148 243
120 191
113 177
201 278
59 292
12 207
75 291
146 199
97 418
178 232
-13 395
82 265
71 355
53 182
122 293
55 297
42 363
22 249
33 292
[SPAWNERS:30]
549 203
192 624
541 384
311 226
107 160
271 913
8 367
209 481
428 538
162 851
727 938
125 908
926 742
814 192
418 315
1 458
440 999
522 893
550 169
479 983
646 655
656 660
109 787
905 365
269 418
106 83
730 296
290 248
30 74
733 676
[SYSTEM:SIGMA]
[DEBRIS:20:15]
[CLUSTER:38:90]
1 77
15 142
67 135
89 142
-11 -49
46 67
60 110
-9 80
172 51
99 -13
99 108
53 157
108 93
109 27
41 102
64 57
-8 92
33 92
158 95
56 127
[CLUSTER:11:425]
22 432
80 392
-86 356
-4 317
-9 429
-21 415
135 444
11 425
-28 527
15 428
-61 335
22 489
-17 514
5 425
69 351
86 425
40 557
99 331
14 368
40 302
[CLUSTER:405:489]
509 404
414 471
442 373
431 630
349 413
370 452
417 493
377 473
379 438
442 433
394 581
377 350
362 553
440 423
432 450
416 461
409 489
310 491
419 485
422 585
[CLUSTER:809:144]
770 214
828 104
808 146
811 178
803 105
851 70
852 95
809 34
809 144
915 115
816 152
788 61
802 46
792 120
811 75
767 13
753 148
760 274
847 168
809 144
[CLUSTER:356:522]
357 500
330 420
263 415
325 602
340 514
365 528
414 487
324 549
477 528
374 483
309 446
383 574
383 515
297 449
324 554
353 538
372 601
258 568
382 547
293 535
[SPAWNERS:2]
861 615
822 299
