[WORLD_SIZE:4]
[SYSTEM:ALPHA]
[DEBRIS:20:3]
[CLUSTER:807:417]
790 718
595 698
368 469
433 577
1046 123
783 554
727 424
609 821
726 417
1034 445
681 507
1101 120
1046 223
580 522
880 396
729 484
1058 119
944 835
703 500
801 195
[CLUSTER:299:614]
504 160
321 685
217 614
76 774
319 312
213 623
598 459
160 439
762 628
510 1002
106 935
594 254
281 946
96 553
580 1026
337 597
106 564
288 554
71 667
298 614
[CLUSTER:79:983]
327 1040
197 1053
363 656
373 960
-57 881
-98 1089
93 563
321 1181
-33 1127
59 982
320 1253
23 1126
-247 1294
115 1424
101 1248
-69 1041
-133 1119
-112 1205
229 878
272 1130
[SPAWNERS:5]
716 81
18 308
167 55
254 391
803 381
[SYSTEM:BETA]
[DEBRIS:20:9]
[CLUSTER:170:743]
196 800
-37 555
296 623
224 892
147 259
239 1014
28 717
516 415
265 737
413 815
405 647
428 718
-298 599
168 745
191 797
192 802
-188 1025
-19 778
183 371
218 654
[CLUSTER:11:902]
-99 1016
478 778
-338 830
2 935
80 746
3 624
60 577
149 741
0 931
-50 1357
121 541
-265 695
-7 938
143 950
54 688
55 953
-447 994
-66 656
-100 1183
347 1012
[CLUSTER:571:823]
260 954
206 964
1025 875
634 779
859 811
860 776
559 837
676 759
537 810
466 508
736 718
529 1126
736 451
515 563
528 1131
461 783
431 1095
883 1175
686 787
502 944
[SPAWNERS:8]
744 713
713 894
870 70
574 10
646 173
268 64
234 362
574 633
[SYSTEM:GAMMA]
[DEBRIS:20:9]
[CLUSTER:633:905]
678 818
445 813
716 1096
414 1059
786 1078
280 833
693 971
603 1007
926 785
632 753
259 709
439 903
713 1297
633 922
843 1246
217 828
205 804
748 1032
417 667
256 620
[CLUSTER:168:259]
86 330
468 147
129 676
180 457
135 25
447 251
136 561
171 255
-119 175
482 277
334 -57
-136 164
490 394
254 -153
-15 189
456 660
246 413
-41 613
-119 -108
255 -53
[CLUSTER:332:658]
190 204
335 659
524 805
221 350
525 455
547 623
625 527
424 585
430 761
304 664
494 595
328 747
179 1102
70 826
332 657
411 378
210 434
712 868
430 761
286 558
[SPAWNERS:5]
530 173
674 224
553 598
225 940
690 455
[SYSTEM:DELTA]
[DEBRIS:20:3]
[CLUSTER:480:493]
569 503
190 782
515 613
605 577
895 475
384 720
439 512
841 243
314 828
960 500
784 507
494 520
348 650
195 695
502 488
780 655
653 541
398 453
471 514
31 609
[CLUSTER:810:471]
958 471
749 17
1068 436
642 362
618 307
436 422
939 180
940 752
825 40
758 481
700 869
509 327
739 413
832 453
998 504
947 83
820 449
1092 100
377 369
960 718
[CLUSTER:390:327]
390 327
62 649
386 364
243 -73
191 701
396 384
540 612
329 413
250 425
345 309
500 538
197 194
546 309
225 -127
415 671
270 536
587 254
227 347
357 509
389 224
[SPAWNERS:11]
952 96
915 325
694 913
505 387
379 517
330 624
874 968
168 320
869 175
42 179
605 38
