[WORLD_SIZE:16]
[SYSTEM:ALPHA]
[DEBRIS:20:12]
[CLUSTER:869:12]
834 -109
793 -113
901 81
848 -57
956 46
962 81
868 -36
784 -61
829 -41
860 69
773 -82
838 76
825 -67
913 -106
799 -43
1016 -1
957 -78
784 -3
869 10
840 37
[CLUSTER:42:242]
15 303
36 276
76 195
36 268
22 190
47 247
7 256
73 374
54 140
-42 233
65 265
39 197
25 255
149 173
90 205
-51 182
9 238
-31 166
162 192
155 295
[CLUSTER:183:60]
79 47
111 99
253 -62
315 93
185 58
176 60
152 -48
104 128
79 12
112 69
60 58
224 75
136 -37
56 122
194 74
200 206
145 -55
125 50
177 59
105 56
[CLUSTER:730:204]
872 195
777 195
732 180
799 208
616 293
814 299
733 189
820 195
714 160
752 151
744 202
634 126
706 315
814 181
729 196
762 327
765 161
758 78
722 338
716 101
[CLUSTER:352:782]
360 779
484 738
371 760
250 748
453 715
272 747
494 762
298 689
327 808
378 761
314 801
218 821
394 776
298 760
408 876
409 766
366 673
362 883
355 733
379 812
[CLUSTER:936:349]
926 366
949 446
812 323
985 277
1068 370
935 381
957 480
930 326
966 381
948 214
1032 349
909 481
1024 456
985 292
942 349
887 357
918 333
903 303
874 460
911 229
[SPAWNERS:1]
495 942
[SYSTEM:BETA]
[DEBRIS:20:12]
[CLUSTER:831:775]
744 779
858 869
821 858
803 766
801 788
795 758
951 738
724 693
800 865
855 755
873 695
904 782
797 898
829 769
961 834
775 859
792 780
876 812
829 794
918 700
[CLUSTER:174:291]
113 184
134 287
167 201
210 188
202 365
169 307
174 400
203 209
278 330
200 264
72 213
299 249
175 282
262 287
57 361
110 312
184 285
174 291
158 282
204 312
[CLUSTER:972:627]
904 628
981 613
922 585
1011 766
894 514
881 551
1063 681
846 629
971 629
969 713
910 552
833 632
1002 628
975 590
932 641
985 630
1062 568
915 657
960 610
839 632
[CLUSTER:925:40]
1002 83
989 40
1040 55
911 119
1050 81
948 47
1003 -81
1057 -2
914 -19
884 83
867 -16
839 40
848 94
986 142
884 -53
892 37
927 41
962 38
931 4
943 97
[CLUSTER:119:17]
120 -36
109 15
81 52
60 112
228 70
185 -54
60 60
202 130
103 5
137 10
109 15
156 -82
159 33
13 59
172 -19
118 24
244 -58
100 37
118 -9
160 -48
[CLUSTER:900:41]
853 49
913 4
865 59
911 32
990 48
938 116
808 22
894 25
848 -84
817 13
843 70
1013 89
883 -17
947 71
970 -12
1037 51
885 57
958 140
1018 101
942 -33
[SPAWNERS:1]
761 510
[SYSTEM:GAMMA]
[DEBRIS:20:18]
[CLUSTER:801:727]
849 640
798 819
938 720
774 836
780 630
834 737
816 725
852 728
949 724
901 668
686 635
846 721
841 668
822 687
782 661
769 738
811 770
824 821
778 818
843 746
[CLUSTER:390:138]
414 125
258 116
469 213
398 92
382 214
364 119
404 198
395 134
286 32
391 145
389 160
402 115
341 144
314 115
337 96
343 92
469 107
398 123
296 121
293 132
[CLUSTER:207:53]
279 -15
73 38
200 2
171 39
203 136
270 87
167 -67
154 -11
292 17
224 48
138 71
249 123
108 29
270 40
201 48
181 100
196 42
337 29
206 65
200 53
[CLUSTER:749:464]
673 463
763 456
755 462
898 461
782 546
773 434
725 403
722 323
873 472
844 379
691 413
859 367
858 407
670 518
648 488
643 377
614 473
763 452
647 400
800 599
[CLUSTER:547:392]
446 311
505 393
547 392
493 256
674 367
436 452
555 480
582 486
583 349
496 312
539 360
648 473
614 304
509 520
528 325
505 411
549 400
454 375
601 256
466 477
[CLUSTER:879:736]
882 732
860 643
838 735
858 741
849 699
860 701
785 706
870 721
936 749
781 751
825 715
971 851
962 779
903 864
934 683
918 778
820 731
1025 742
939 872
864 732
[SPAWNERS:3]
803 910
416 260
372 580
[SYSTEM:DELTA]
[DEBRIS:20:18]
[CLUSTER:697:75]
569 63
709 110
687 72
679 111
640 48
760 12
615 91
685 41
743 -8
784 117
662 -29
710 84
745 83
749 75
616 10
617 193
613 106
647 70
725 68
697 80
[CLUSTER:340:561]
224 571
304 500
334 485
336 556
336 466
333 538
352 561
390 545
264 574
403 483
365 439
338 573
370 519
327 567
267 508
314 666
366 610
425 537
328 471
262 525
[CLUSTER:327:738]
302 641
326 720
321 738
220 767
192 748
302 811
210 718
330 852
331 732
189 788
215 773
417 633
399 729
264 790
286 732
367 842
326 664
327 667
256 723
317 738
[CLUSTER:880:494]
874 351
835 524
860 582
766 472
776 447
793 419
880 494
983 432
884 542
838 363
935 459
788 588
849 510
761 433
790 511
896 463
908 533
773 519
917 555
967 515
[CLUSTER:712:333]
693 316
721 292
764 273
787 328
722 359
631 383
685 288
717 334
823 255
613 378
700 314
655 439
671 397
838 308
709 465
753 405
736 345
777 210
647 327
715 351
[CLUSTER:278:755]
184 787
247 777
422 750
298 772
204 743
160 828
214 701
320 673
264 838
261 657
283 758
333 755
258 756
397 763
252 869
352 712
335 693
195 740
235 860
289 731
[SPAWNERS:4]
284 827
117 983
893 175
155 583
[SYSTEM:EPSILON]
[DEBRIS:20:18]
[CLUSTER:602:173]
634 193
539 105
528 47
650 211
598 174
497 169
601 173
692 73
591 204
587 133
660 218
619 146
626 161
513 140
605 184
587 165
588 156
554 146
582 100
489 137
[CLUSTER:977:252]
996 368
936 196
1097 288
858 182
968 243
998 255
1033 371
1023 153
1000 259
1064 204
1015 137
995 200
978 255
972 263
965 155
953 256
867 161
1050 207
972 186
977 268
[CLUSTER:969:213]
919 74
1063 237
1037 141
929 214
1008 344
959 232
931 185
1057 253
904 87
881 172
885 268
961 218
849 220
974 215
860 289
962 74
936 163
948 185
868 180
1050 145
[CLUSTER:171:169]
148 121
121 129
285 250
175 156
146 126
130 105
286 186
193 120
135 194
207 74
108 96
205 102
188 120
220 60
244 124
193 245
179 257
204 60
124 200
186 214
[CLUSTER:397:536]
401 567
483 610
413 493
426 598
507 466
408 655
397 590
392 538
315 450
384 427
411 519
368 578
322 448
425 427
374 454
418 530
407 641
371 519
397 537
427 675
[CLUSTER:755:29]
853 30
808 71
734 68
749 -43
818 44
816 -64
743 13
703 54
707 132
709 -39
720 34
783 -34
770 -65
742 -83
766 40
827 -50
696 146
813 15
838 140
727 -92
[SPAWNERS:2]
362 395
613 409
[SYSTEM:ZETA]
[DEBRIS:20:12]
[CLUSTER:309:726]
310 730
325 803
396 688
269 842
334 604
387 783
347 726
365 808
223 731
303 862
295 635
313 797
205 649
230 730
213 691
381 770
331 693
373 745
374 835
235 668
[CLUSTER:171:191]
248 277
37 254
133 93
262 146
303 257
126 174
124 143
185 164
206 185
171 191
144 229
128 292
193 221
178 128
185 179
175 201
163 102
96 118
162 189
143 127
[CLUSTER:402:102]
290 41
379 84
376 139
374 214
478 141
437 -30
486 -9
472 108
497 113
400 102
402 223
356 24
452 74
358 108
428 154
462 109
449 198
318 190
485 86
410 150
[CLUSTER:683:435]
697 406
698 354
692 435
761 428
809 390
746 466
651 436
584 452
689 332
697 456
679 331
648 444
721 368
571 374
687 444
813 453
700 436
601 380
737 385
689 433
[CLUSTER:811:554]
849 551
835 421
815 573
949 591
824 551
733 596
828 416
839 609
925 503
752 567
770 592
835 604
798 574
821 546
903 549
788 566
941 488
716 554
925 580
795 537
[CLUSTER:590:799]
551 874
586 800
538 745
557 713
655 759
499 852
575 704
604 868
549 717
710 783
678 892
499 729
597 725
565 934
715 751
580 801
689 885
638 759
460 793
578 699
[SPAWNERS:2]
637 672
421 830
[SYSTEM:ETA]
[DEBRIS:20:6]
[CLUSTER:504:342]
505 329
468 310
499 427
532 333
492 256
490 351
525 449
414 455
460 418
484 239
468 345
451 214
549 391
572 352
435 395
463 456
573 459
531 317
559 383
505 280
[CLUSTER:168:629]
247 616
38 622
162 616
216 732
101 675
239 702
168 605
75 590
168 644
187 619
162 619
168 653
125 569
167 629
87 554
183 631
201 562
179 619
194 622
31 640
[CLUSTER:306:778]
269 697
292 682
281 811
320 767
360 801
206 844
332 756
240 727
286 778
347 814
362 739
277 769
418 687
406 744
416 768
431 808
307 778
304 783
434 756
370 785
[CLUSTER:143:106]
115 126
171 20
97 162
223 130
157 167
171 162
185 223
134 133
48 -8
145 98
241 149
143 106
100 49
179 110
197 48
85 193
68 71
193 246
151 95
170 48
[CLUSTER:186:752]
237 793
219 867
237 775
113 758
188 758
229 718
223 689
187 753
95 736
300 678
278 707
182 810
132 672
252 760
193 777
142 832
261 692
155 715
51 729
228 717
[CLUSTER:665:485]
529 492
639 505
636 485
638 480
728 567
656 487
707 437
662 626
602 419
730 558
652 479
622 542
645 468
686 469
711 464
698 431
792 473
774 585
666 485
754 390
[SPAWNERS:9]
733 482
472 415
657 239
926 596
463 492
219 472
433 599
872 782
11 959
[SYSTEM:THETA]
[DEBRIS:20:18]
[CLUSTER:731:294]
696 265
765 275
730 272
863 352
725 346
731 293
707 409
774 273
840 382
710 207
769 393
771 285
727 292
670 317
744 307
804 202
697 435
733 279
767 337
793 333
[CLUSTER:349:508]
272 540
452 582
295 618
246 436
287 468
261 487
322 534
387 431
224 564
263 514
313 520
377 485
332 387
406 577
270 550
335 492
361 600
288 582
208 529
311 405
[CLUSTER:535:201]
425 265
535 218
548 137
560 182
477 220
524 231
467 306
523 170
487 194
509 98
482 201
504 168
499 267
543 190
507 189
580 175
582 81
614 169
514 202
575 122
[CLUSTER:362:289]
360 268
398 280
279 267
357 297
245 339
486 358
433 229
463 251
375 273
443 209
361 313
424 264
366 370
462 271
362 427
292 281
345 316
363 298
301 165
351 300
[CLUSTER:996:564]
1025 638
1096 654
1037 535
1020 705
985 545
1031 584
1075 514
938 652
952 438
977 571
994 566
887 483
1000 514
998 450
1071 578
956 662
1082 662
948 524
1022 567
987 559
[CLUSTER:933:382]
994 482
853 293
968 375
931 406
923 393
1043 370
817 352
895 345
907 266
925 431
939 382
840 355
885 402
944 356
884 465
924 332
857 423
944 380
979 263
909 411
[SPAWNERS:10]
393 182
785 657
737 578
746 125
58 142
969 651
128 531
437 923
247 997
356 621
[SYSTEM:IOTA]
[DEBRIS:20:18]
[CLUSTER:373:249]
344 325
455 357
373 249
438 206
377 346
305 243
271 209
362 123
324 316
298 332
373 277
316 242
281 333
314 329
342 242
360 246
366 251
252 326
433 275
336 240
[CLUSTER:37:152]
18 159
5 108
115 51
69 150
65 138
-51 261
53 24
99 273
-84 148
119 122
46 187
-66 139
68 138
177 175
29 208
21 150
75 99
-28 55
16 281
44 209
[CLUSTER:55:261]
129 333
57 278
52 261
157 340
120 359
70 260
24 278
116 249
97 227
10 274
46 381
50 163
60 286
-33 209
-36 295
59 144
-56 336
165 330
72 227
119 187
[CLUSTER:987:109]
1059 137
892 16
977 185
949 229
1007 101
1118 169
1035 -8
987 110
869 91
969 89
901 143
989 111
1087 97
1012 68
1016 112
1114 137
1029 105
1055 24
980 3
957 71
[CLUSTER:13:422]
-112 423
-34 319
37 514
155 427
27 481
-54 456
33 445
-47 401
19 456
-33 319
31 371
65 326
81 408
-20 490
14 476
-39 320
-110 481
-70 546
13 431
-54 512
[CLUSTER:828:3]
791 -29
838 -14
822 25
857 6
808 14
911 35
753 -21
884 31
831 12
830 -6
721 77
845 -133
887 -37
831 -4
859 -98
810 1
888 18
808 16
822 1
709 3
[SPAWNERS:6]
112 45
180 807
604 724
962 823
135 386
964 548
[SYSTEM:KAPPA]
[DEBRIS:20:12]
[CLUSTER:144:338]
129 334
207 355
144 400
70 349
106 362
160 229
242 302
146 398
159 341
142 333
182 279
119 218
155 395
56 379
168 337
2 363
127 238
168 440
121 484
97 324
[CLUSTER:699:699]
583 609
716 601
577 730
706 746
730 646
608 620
678 680
664 610
737 688
688 565
645 622
693 685
584 685
618 792
582 776
798 748
635 634
734 698
658 678
705 700
[CLUSTER:472:387]
493 426
463 434
480 398
544 294
376 399
518 400
548 479
492 390
401 424
586 365
412 426
476 394
506 442
543 420
504 397
479 415
461 494
604 435
545 353
462 371
[CLUSTER:148:770]
208 782
144 828
163 759
126 766
242 718
63 725
264 720
166 727
125 765
200 801
91 687
219 792
109 711
178 642
160 773
102 806
144 770
224 710
214 735
230 731
[CLUSTER:703:381]
646 452
733 405
775 383
777 391
604 298
772 475
719 415
817 429
711 342
720 380
732 412
645 493
799 391
717 417
686 445
632 423
639 307
683 368
793 472
662 346
[CLUSTER:834:249]
810 238
860 347
811 214
766 268
843 295
771 200
848 249
803 252
915 324
863 360
828 262
813 187
807 235
937 224
834 285
853 242
772 275
858 335
741 172
851 323
[SPAWNERS:15]
853 791
544 917
671 581
963 911
691 459
947 541
118 777
749 158
364 938
19 758
810 947
405 584
296 320
634 468
538 471
[SYSTEM:IAMBDA]
[DEBRIS:20:6]
[CLUSTER:732:286]
726 292
697 403
750 338
855 214
641 318
733 284
709 200
675 347
808 325
690 298
821 376
693 377
700 291
710 306
748 387
681 146
779 260
791 339
634 334
721 280
[CLUSTER:414:456]
356 412
418 485
328 483
500 456
475 579
398 442
490 551
347 406
305 422
419 450
414 409
357 525
413 457
481 548
431 549
330 382
533 425
528 446
374 469
463 339
[CLUSTER:561:525]
527 580
618 534
480 573
506 660
653 471
701 539
473 593
628 617
594 540
523 558
672 559
550 546
563 535
672 514
638 528
532 579
576 469
590 580
561 525
535 534
[CLUSTER:840:38]
827 38
830 11
859 -8
810 107
959 117
810 35
862 -34
766 40
698 37
893 75
819 -49
917 -54
814 77
846 10
843 40
718 41
930 -10
777 6
843 60
926 -6
[CLUSTER:41:459]
46 463
91 529
42 419
-30 422
-101 502
56 458
-77 537
33 335
90 414
91 469
56 546
87 489
54 456
-27 420
-99 417
41 468
74 381
143 554
-80 384
-101 502
[CLUSTER:117:272]
189 158
124 278
142 288
96 143
148 210
97 309
39 184
20 235
58 405
29 314
216 295
76 339
151 246
120 244
201 153
117 353
56 266
89 253
215 290
12 301
[SPAWNERS:15]
691 55
707 64
876 503
281 737
323 649
618 351
679 600
48 150
909 703
39 13
0 360
463 142
168 349
711 105
691 43
[SYSTEM:MU]
[DEBRIS:20:18]
[CLUSTER:896:239]
931 229
980 258
1029 210
825 284
766 280
884 225
896 257
949 158
948 297
945 227
962 147
813 276
926 311
895 239
930 295
990 181
790 227
805 129
881 299
1012 235
[CLUSTER:809:202]
920 210
807 197
885 140
877 235
813 208
820 198
808 277
730 227
769 109
821 168
832 102
861 250
826 253
922 184
882 234
755 309
818 64
806 218
805 220
807 196
[CLUSTER:496:116]
496 128
510 113
479 -2
539 26
548 220
531 41
428 168
600 217
509 166
451 155
528 162
527 258
529 164
592 154
485 124
489 -15
528 59
393 24
478 133
490 187
[CLUSTER:991:247]
955 263
1002 224
1086 186
915 349
1005 242
1015 224
1020 167
1066 131
1066 276
986 305
993 272
1068 285
895 210
919 240
930 207
1015 278
965 131
1070 128
924 227
1006 229
[CLUSTER:595:525]
694 544
720 557
651 434
610 597
601 667
631 522
620 437
588 586
595 524
605 498
637 591
620 470
550 622
631 661
524 532
571 570
541 534
595 407
535 650
647 546
[CLUSTER:828:590]
839 623
724 565
708 646
804 560
795 505
837 673
813 580
850 620
873 655
792 478
904 485
809 566
744 552
859 637
737 594
819 599
857 588
883 655
827 634
824 594
[SPAWNERS:24]
411 618
777 483
496 465
186 952
918 440
403 509
659 504
15 818
668 211
155 70
790 60
39 980
664 177
537 163
80 793
8 757
390 240
123 469
700 737
414 222
728 82
847 507
439 445
820 86
[SYSTEM:NU]
[DEBRIS:20:18]
[CLUSTER:879:453]
898 437
953 553
867 504
951 345
913 520
896 453
787 509
913 491
763 442
841 525
944 581
935 347
914 470
990 462
869 556
906 408
906 427
930 591
821 467
827 381
[CLUSTER:248:668]
191 734
325 659
322 710
290 673
210 638
334 768
306 724
326 562
157 669
255 665
177 616
255 646
159 658
230 684
195 632
215 540
368 672
286 650
276 542
356 636
[CLUSTER:614:10]
693 -12
656 107
744 -59
505 -60
549 54
645 -1
606 2
571 70
659 68
638 59
571 53
560 101
591 101
659 2
690 -91
562 -11
651 -38
629 17
721 10
613 -56
[CLUSTER:527:288]
594 238
430 256
618 340
524 319
545 245
559 347
544 299
432 367
552 271
480 303
611 237
526 287
517 274
524 297
523 288
453 196
571 391
458 284
540 255
454 277
[CLUSTER:413:131]
403 238
325 152
419 169
404 196
381 206
477 146
332 131
562 131
436 80
413 130
413 130
417 174
454 112
422 139
484 114
383 61
512 137
366 167
426 136
411 136
[CLUSTER:173:591]
252 672
96 635
224 670
158 573
160 684
176 502
82 642
173 532
229 619
181 622
34 637
118 594
193 717
161 630
174 593
190 576
173 580
159 608
228 592
177 573
[SPAWNERS:12]
114 786
918 511
560 270
707 139
581 683
28 711
199 742
370 914
495 675
583 467
486 967
174 889
[SYSTEM:XI]
[DEBRIS:20:6]
[CLUSTER:838:47]
805 51
896 90
841 47
809 187
811 -17
851 19
887 -23
870 75
811 -7
972 26
967 108
882 117
715 100
849 42
793 126
901 15
871 47
771 61
776 148
867 46
[CLUSTER:976:17]
1025 127
1000 85
1020 65
982 29
869 -66
855 42
935 17
905 -79
965 122
993 117
1005 132
980 29
976 32
949 -23
992 21
977 144
1102 -6
1017 43
1042 25
904 132
[CLUSTER:560:104]
540 109
582 127
539 28
568 212
421 96
498 134
561 87
607 114
473 162
528 239
594 104
543 44
463 154
465 78
558 120
598 9
667 31
560 102
556 53
591 245
[CLUSTER:217:584]
268 596
220 532
190 580
243 566
158 484
123 502
222 555
250 593
324 647
236 533
166 634
228 572
189 443
191 696
121 556
256 582
216 586
354 539
240 522
175 574
[CLUSTER:287:544]
325 588
292 565
246 535
245 435
321 562
269 565
311 537
212 623
262 550
261 556
366 454
287 470
157 509
289 496
279 645
325 592
237 521
267 505
282 616
259 570
[CLUSTER:89:285]
86 279
176 192
109 327
69 374
93 287
-40 229
131 289
175 370
102 200
59 413
131 344
-8 387
91 155
80 275
85 277
202 349
35 308
89 286
82 255
15 400
[SPAWNERS:28]
79 757
339 609
102 151
831 773
721 819
74 551
335 172
209 654
463 748
641 476
427 623
203 150
55 379
105 898
21 15
633 706
68 201
130 935
9 625
807 819
134 791
546 926
329 504
965 571
23 471
659 846
823 887
726 423
[SYSTEM:OMICRON]
[DEBRIS:20:12]
[CLUSTER:606:305]
599 380
594 226
562 273
579 307
711 278
693 221
552 204
518 274
601 305
674 295
660 244
475 345
593 232
532 290
643 363
553 370
499 270
681 366
575 399
571 164
[CLUSTER:448:659]
438 659
503 544
434 648
517 667
359 636
524 606
324 683
500 776
357 691
542 735
564 729
475 669
456 643
448 668
426 772
488 541
542 615
521 567
495 558
488 634
[CLUSTER:788:540]
828 551
695 636
774 664
779 538
792 432
668 485
717 595
718 617
765 515
694 543
760 590
774 499
827 549
828 609
776 432
849 588
798 539
825 466
848 578
752 449
[CLUSTER:816:707]
860 740
843 808
823 611
730 624
756 760
813 729
812 777
929 756
855 685
849 813
700 688
858 760
756 702
909 785
791 719
816 708
837 685
831 711
909 698
765 698
[CLUSTER:801:694]
755 787
901 665
827 576
798 697
811 745
920 770
926 748
713 725
800 691
856 680
722 632
830 588
727 718
696 650
834 775
851 778
783 637
826 760
865 777
862 625
[CLUSTER:820:67]
886 196
834 27
714 93
901 -25
802 67
815 71
754 9
804 87
676 96
711 -10
801 74
956 109
902 -4
742 128
905 -2
861 67
729 163
828 10
901 85
813 69
[SPAWNERS:2]
827 896
455 795
[SYSTEM:PI]
[DEBRIS:20:6]
[CLUSTER:542:538]
554 626
605 406
539 508
532 527
584 593
497 526
539 532
561 463
538 463
516 414
520 613
542 631
566 561
481 565
538 540
566 567
534 558
646 629
554 544
535 437
[CLUSTER:657:171]
764 215
705 85
665 165
637 223
692 171
652 184
632 85
706 168
597 117
635 194
612 184
655 97
631 218
797 140
573 265
623 120
729 50
580 251
598 119
731 43
[CLUSTER:389:100]
330 38
319 41
429 -9
395 101
413 135
330 41
411 100
251 50
488 62
447 170
403 49
382 107
450 52
371 92
397 60
387 100
392 101
407 171
384 144
409 28
[CLUSTER:278:644]
235 620
372 730
315 644
254 635
193 652
242 669
276 719
335 668
197 667
247 622
212 699
220 578
260 647
300 752
267 633
367 668
340 658
335 672
314 685
218 643
[CLUSTER:960:40]
952 30
1023 -58
921 103
966 41
962 49
936 86
1088 95
898 -30
958 35
961 -78
1054 77
922 15
853 107
1026 86
1012 50
866 127
958 167
981 167
980 31
913 121
[CLUSTER:117:590]
-3 598
117 590
218 611
138 669
213 551
61 522
179 640
181 651
90 645
26 530
178 498
159 586
19 635
118 590
159 703
36 552
86 586
117 591
144 612
48 625
[SPAWNERS:26]
839 302
500 475
301 245
763 825
434 72
772 201
793 391
285 94
884 155
272 306
939 173
546 468
571 702
368 313
740 901
850 870
568 867
878 224
616 277
843 775
391 178
420 0
4 319
256 549
98 514
467 156
