[WORLD_SIZE:18]
[SYSTEM:ALPHA]
[DEBRIS:20:3]
[CLUSTER:566:142]
460 210
538 146
536 11
516 67
549 16
539 32
552 14
526 94
567 148
564 141
572 162
521 89
543 139
484 166
545 128
593 98
630 167
534 209
582 103
451 237
[CLUSTER:292:739]
279 867
262 603
236 823
379 851
293 731
236 714
265 782
211 685
185 717
321 849
281 786
236 714
315 717
340 602
243 702
315 749
298 611
168 754
299 631
338 792
[CLUSTER:602:736]
568 870
603 741
658 688
518 663
617 828
655 726
647 735
654 825
602 764
602 737
647 665
613 744
584 718
561 693
587 730
594 614
685 635
659 718
600 719
552 797
[SPAWNERS:1]
227 885
[SYSTEM:BETA]
[DEBRIS:20:3]
[CLUSTER:771:239]
653 282
680 163
700 141
787 330
722 214
916 255
783 238
771 219
783 234
795 349
809 111
769 247
652 191
777 253
819 206
694 242
771 239
754 255
795 123
764 212
[CLUSTER:334:339]
342 342
315 389
321 455
439 236
382 354
349 213
436 352
440 253
357 262
292 347
423 378
334 338
304 321
302 358
349 237
334 321
376 435
461 273
243 377
270 325
[CLUSTER:846:310]
946 407
872 337
848 309
857 333
789 184
826 283
908 262
713 345
831 369
823 285
813 290
786 248
764 200
882 370
829 283
787 350
972 353
834 308
859 411
838 289
[SPAWNERS:4]
810 79
926 601
291 623
387 285
[SYSTEM:GAMMA]
[DEBRIS:20:3]
[CLUSTER:20:143]
-44 243
-98 197
20 143
156 109
47 233
6 143
-20 74
39 136
88 247
83 200
-53 119
61 22
49 69
36 157
-26 252
24 283
-31 232
-10 43
43 90
38 290
[CLUSTER:476:17]
455 -2
533 151
530 110
460 70
476 17
431 127
499 -34
355 -50
531 114
492 19
540 41
461 -49
563 98
456 -65
487 -11
485 -18
483 -1
463 24
490 -56
367 -67
[CLUSTER:287:300]
285 255
295 279
289 302
224 260
328 308
399 287
278 296
268 247
246 231
298 228
323 379
368 341
239 314
389 257
203 210
202 306
204 304
305 271
256 273
365 191
[SPAWNERS:1]
923 70
[SYSTEM:DELTA]
[DEBRIS:20:6]
[CLUSTER:84:215]
94 167
51 223
79 216
36 352
38 243
33 142
-38 236
152 215
158 256
82 296
67 245
52 213
179 249
100 229
50 257
88 220
36 289
62 214
77 142
4 287
[CLUSTER:145:121]
186 51
145 122
200 208
141 103
225 134
44 105
121 188
33 199
159 160
147 147
145 139
32 175
137 171
98 84
137 102
3 100
145 113
187 80
68 192
31 210
[CLUSTER:150:512]
218 567
131 502
189 468
132 512
138 622
40 412
205 505
216 469
277 465
150 512
73 520
167 366
141 539
294 501
39 527
66 494
169 536
122 557
167 533
291 475
[SPAWNERS:4]
130 0
513 280
795 556
141 679
[SYSTEM:EPSILON]
[DEBRIS:20:6]
[CLUSTER:252:472]
270 331
267 462
267 506
301 411
265 421
257 443
253 495
237 467
294 414
311 598
252 493
314 520
310 361
246 474
240 478
320 346
252 590
316 451
344 539
291 541
[CLUSTER:375:14]
339 59
476 -12
425 0
480 5
381 -19
374 107
333 100
360 -9
327 31
312 97
410 82
348 20
466 10
390 55
270 113
299 135
340 -52
329 19
406 41
271 -61
[CLUSTER:850:788]
850 764
853 788
845 820
752 771
778 681
857 774
794 802
927 843
854 788
747 793
808 899
833 815
773 778
825 645
850 773
794 806
848 812
854 792
944 847
866 709
[SPAWNERS:8]
235 385
867 431
870 975
290 261
600 710
522 409
989 83
199 932
[SYSTEM:ZETA]
[DEBRIS:20:6]
[CLUSTER:171:134]
163 44
153 155
59 155
158 108
238 250
221 185
226 79
234 108
174 155
171 33
190 119
161 235
114 223
136 107
250 107
144 185
78 160
178 39
129 44
137 241
[CLUSTER:798:607]
773 478
813 506
803 615
747 599
771 740
787 723
785 707
862 515
901 556
823 660
776 584
842 744
874 710
756 589
709 605
860 630
770 587
728 721
793 614
844 624
[CLUSTER:677:23]
641 40
703 41
582 87
643 72
686 53
596 135
630 12
654 93
695 46
741 29
718 148
613 -17
699 145
668 30
594 35
565 74
617 21
700 -50
608 41
747 -49
[SPAWNERS:8]
889 277
186 392
536 885
371 577
984 136
402 616
527 859
449 381
[SYSTEM:ETA]
[DEBRIS:20:6]
[CLUSTER:530:786]
602 855
495 800
488 817
530 785
469 847
486 750
481 830
617 812
567 902
540 841
521 747
585 763
561 808
522 864
533 769
415 777
446 734
591 775
462 852
530 807
[CLUSTER:571:71]
541 179
573 48
590 87
613 147
714 79
550 -49
552 -23
511 95
573 72
657 -41
558 156
515 54
566 65
628 51
522 62
683 58
666 108
694 66
639 149
526 -3
[CLUSTER:121:21]
198 124
139 25
-9 -36
196 -4
129 14
213 -64
138 -16
109 -2
253 -32
77 20
200 25
73 31
135 22
154 23
90 -46
152 -118
208 93
177 21
124 49
121 -70
[SPAWNERS:3]
90 531
952 250
691 300
[SYSTEM:THETA]
[DEBRIS:20:3]
[CLUSTER:427:700]
478 643
541 780
444 568
439 780
401 688
307 742
381 760
457 762
340 779
320 743
442 694
299 728
556 733
422 700
345 588
307 654
431 700
434 641
335 723
448 724
[CLUSTER:771:504]
818 539
833 482
850 562
781 421
793 569
820 504
719 503
826 382
698 541
728 513
827 478
757 572
892 523
808 507
770 571
744 559
717 421
772 383
775 489
869 435
[CLUSTER:343:429]
287 462
335 480
201 429
263 368
385 461
401 549
302 432
224 440
387 411
319 569
266 355
393 549
380 437
297 416
291 558
345 401
348 405
329 379
218 404
318 444
[SPAWNERS:16]
224 455
75 265
598 206
766 197
26 81
497 482
173 931
269 302
465 387
520 337
177 153
960 731
239 12
121 995
514 35
60 545
[SYSTEM:IOTA]
[DEBRIS:20:3]
[CLUSTER:664:478]
673 425
768 575
789 398
599 491
661 484
618 355
664 477
644 481
630 489
674 380
788 555
787 500
570 555
578 541
597 447
676 373
592 419
663 480
707 349
753 425
[CLUSTER:883:386]
833 423
910 503
866 315
907 513
827 449
856 264
892 403
933 332
894 386
811 367
892 251
817 343
890 276
773 356
957 340
834 358
826 285
802 429
872 398
825 492
[CLUSTER:561:602]
543 458
568 576
667 692
522 606
511 528
560 671
612 557
604 579
642 512
553 646
706 579
458 539
592 597
576 568
560 704
564 729
486 680
580 707
486 486
689 655
[SPAWNERS:13]
520 470
30 495
296 690
907 771
924 11
271 472
444 336
727 832
361 900
461 37
197 18
239 280
150 553
[SYSTEM:KAPPA]
[DEBRIS:20:6]
[CLUSTER:652:489]
566 550
605 496
664 469
592 476
604 525
669 496
551 510
568 479
742 551
652 485
642 470
585 492
659 522
652 479
738 489
698 509
575 372
568 468
594 498
604 353
[CLUSTER:58:596]
115 510
82 589
169 617
-2 697
157 661
181 609
115 729
149 597
84 661
-35 499
66 562
94 511
18 545
91 651
115 597
-22 670
31 647
47 527
105 568
116 698
[CLUSTER:895:320]
901 266
991 275
865 452
931 420
850 341
968 420
891 418
913 329
981 426
904 298
783 369
856 298
861 357
879 454
1004 387
832 365
779 244
995 382
855 366
901 313
[SPAWNERS:1]
857 284
[SYSTEM:IAMBDA]
[DEBRIS:20:3]
[CLUSTER:312:466]
312 466
294 465
316 460
309 463
166 485
325 464
266 389
278 544
303 480
200 426
360 507
319 476
282 444
370 428
297 452
253 342
268 502
268 524
291 417
234 538
[CLUSTER:994:554]
994 651
977 513
1110 548
1061 583
921 682
1026 598
992 554
1000 569
915 599
967 586
1120 592
937 676
1038 572
930 550
993 603
1098 551
1121 587
998 482
913 484
971 574
[CLUSTER:113:560]
181 526
112 560
116 642
71 530
99 547
31 655
41 679
237 538
163 601
72 553
118 515
129 548
147 647
113 508
100 545
113 641
178 460
31 538
179 484
128 534
[SPAWNERS:3]
493 218
313 352
214 400
[SYSTEM:MU]
[DEBRIS:20:3]
[CLUSTER:367:86]
479 170
374 56
378 87
252 106
503 54
309 77
284 162
330 126
448 211
329 84
358 50
315 82
293 -20
423 137
367 86
317 97
280 -15
371 155
258 105
399 41
[CLUSTER:928:26]
939 81
786 16
841 -82
936 148
956 74
910 69
881 106
918 24
949 -40
927 21
931 40
999 -7
1025 26
800 23
964 58
926 27
916 1
795 -33
894 77
881 -21
[CLUSTER:361:581]
368 521
316 512
465 634
424 614
345 624
254 605
253 541
439 689
346 635
337 535
375 506
361 608
345 524
415 462
369 569
286 462
421 592
349 588
364 588
251 557
[SPAWNERS:7]
231 772
635 147
745 144
768 356
835 560
837 896
287 878
[SYSTEM:NU]
[DEBRIS:20:6]
[CLUSTER:900:234]
817 270
1006 323
986 173
902 233
912 264
819 150
842 239
971 243
957 218
895 234
1005 190
1014 315
869 258
797 263
899 241
992 337
919 316
848 196
1009 234
785 313
[CLUSTER:848:732]
788 813
887 824
804 784
894 871
880 747
893 738
744 764
841 737
861 635
857 741
921 707
791 597
867 725
769 718
869 771
852 718
914 755
824 802
816 649
799 615
[CLUSTER:726:329]
747 406
703 372
725 357
651 433
740 240
785 368
766 334
797 322
719 294
685 367
619 335
783 331
710 314
788 344
683 323
735 432
726 447
741 346
736 328
790 273
[SPAWNERS:8]
30 730
552 181
382 981
805 1
362 505
726 760
529 881
125 281
[SYSTEM:XI]
[DEBRIS:20:9]
[CLUSTER:169:110]
273 181
283 158
102 98
103 146
173 86
250 -6
174 104
249 225
148 102
263 94
268 99
161 71
258 117
145 195
152 103
180 50
213 2
85 14
136 230
137 237
[CLUSTER:31:710]
50 700
19 660
86 726
109 584
116 735
63 812
57 852
20 708
106 674
31 711
10 723
143 786
-16 703
35 727
99 743
-62 671
9 605
117 792
14 717
126 769
[CLUSTER:40:273]
-13 306
39 309
-64 380
77 176
31 278
55 272
-18 214
125 293
126 347
43 307
26 279
33 254
34 272
-3 257
101 387
91 252
19 238
55 275
132 196
91 333
[SPAWNERS:7]
855 39
81 868
841 184
342 975
62 485
541 197
43 702
[SYSTEM:OMICRON]
[DEBRIS:20:6]
[CLUSTER:885:319]
989 243
804 302
966 284
930 230
886 324
885 400
900 305
962 320
903 422
864 280
909 287
815 277
784 332
822 231
924 241
795 319
868 274
944 353
1028 288
1003 299
[CLUSTER:489:420]
485 429
470 475
444 456
379 413
432 410
531 365
513 550
581 364
459 527
491 451
403 394
383 316
460 492
631 376
612 456
410 437
550 375
521 368
427 485
352 445
[CLUSTER:791:454]
686 525
783 501
919 458
806 463
916 458
828 457
810 414
778 435
839 495
788 388
691 533
921 510
822 485
816 464
861 544
830 519
752 465
861 390
714 523
807 399
[SPAWNERS:12]
857 982
224 412
80 607
101 798
225 246
668 836
806 390
937 90
333 599
564 87
449 444
653 868
[SYSTEM:PI]
[DEBRIS:20:3]
[CLUSTER:902:182]
823 156
807 104
871 265
861 87
889 201
978 234
907 187
898 40
914 170
770 126
902 182
861 197
908 154
890 200
999 104
956 229
895 180
918 296
878 212
881 140
[CLUSTER:94:341]
62 312
32 339
131 288
93 371
135 378
-25 286
41 375
97 337
86 217
46 395
85 290
187 259
114 368
-37 391
184 396
233 334
56 324
142 267
88 317
149 376
[CLUSTER:609:250]
745 264
572 364
683 171
702 278
535 234
542 180
564 154
619 351
533 173
500 243
612 231
595 261
608 228
730 310
597 273
715 333
540 186
602 278
603 208
637 233
[SPAWNERS:17]
588 477
87 956
96 135
509 366
49 641
562 789
85 933
936 194
391 588
88 231
265 919
607 93
796 744
344 670
770 352
408 833
664 922
[SYSTEM:RHO]
[DEBRIS:20:6]
[CLUSTER:844:0]
858 77
779 -64
743 7
730 5
811 -15
822 29
922 -19
810 76
839 32
823 -52
948 -42
712 -67
840 15
839 -72
789 13
895 -53
865 27
963 -15
983 -14
847 -6
[CLUSTER:199:445]
136 425
276 340
226 457
122 567
209 489
295 455
202 446
193 445
199 364
200 461
334 424
295 545
143 355
180 513
142 463
134 326
66 419
223 448
136 417
70 460
[CLUSTER:383:324]
390 352
441 189
451 237
473 317
256 248
390 276
471 278
296 281
286 296
359 301
397 329
444 319
383 382
417 281
389 264
390 323
382 331
391 252
446 378
371 234
[SPAWNERS:21]
5 727
590 200
214 803
676 853
328 678
340 32
381 311
499 71
458 341
770 247
834 133
102 410
855 829
972 659
161 849
115 570
570 687
527 566
936 821
938 117
541 62
[SYSTEM:SIGMA]
[DEBRIS:20:3]
[CLUSTER:589:113]
496 78
511 36
607 110
536 252
516 68
583 119
584 42
550 103
578 151
728 70
545 65
657 -5
489 98
518 123
650 86
532 204
625 18
663 76
589 114
571 113
[CLUSTER:403:71]
362 148
525 56
418 99
445 -69
388 32
396 95
400 156
408 183
422 97
382 150
400 77
360 49
427 105
436 73
395 93
392 -69
335 -37
415 46
341 147
406 78
[CLUSTER:352:579]
439 558
362 638
352 606
410 537
265 672
449 513
320 553
320 635
394 671
326 587
390 565
241 550
344 581
370 581
411 521
408 668
469 564
344 527
419 572
357 601
[SPAWNERS:36]
276 863
744 65
101 700
657 852
124 480
835 6
476 229
303 603
220 788
207 825
402 107
301 193
817 317
278 242
371 978
812 325
435 309
948 463
940 610
610 8
998 541
286 173
782 388
654 418
985 967
805 998
659 350
916 992
459 173
738 524
271 884
7 939
54 919
953 171
220 476
380 629
