[WORLD_SIZE:21]
[SYSTEM:ALPHA]
[DEBRIS:20:3]
[CLUSTER:781:721]
859 790
759 720
730 806
810 716
854 678
693 728
764 711
869 726
754 804
907 744
727 729
734 678
716 639
853 834
836 719
826 783
721 721
795 831
857 759
664 811
[CLUSTER:197:101]
210 95
167 118
198 101
287 90
296 202
254 151
99 91
257 179
121 142
197 2
205 75
208 108
117 117
258 77
119 163
191 234
135 97
114 156
288 95
184 225
[CLUSTER:404:537]
469 583
433 529
415 519
430 521
426 534
412 521
386 475
388 443
367 557
377 527
486 545
531 524
345 576
375 516
404 538
358 533
507 465
537 486
419 535
397 648
[SPAWNERS:1]
166 622
[SYSTEM:BETA]
[DEBRIS:20:9]
[CLUSTER:920:386]
974 487
982 268
923 379
971 491
986 503
1061 365
920 388
1041 448
927 363
885 321
915 386
962 388
849 407
844 378
904 335
919 394
936 482
907 446
954 442
931 518
[CLUSTER:342:660]
341 657
388 672
333 642
411 751
374 602
423 697
464 615
305 773
386 614
324 512
383 777
317 727
376 659
239 626
335 678
344 573
296 522
332 658
347 696
399 681
[CLUSTER:40:773]
165 728
59 723
42 777
150 674
52 773
-22 776
136 721
37 762
52 788
28 817
63 807
-8 764
53 743
44 773
7 751
146 740
48 860
-69 798
164 781
26 775
[SPAWNERS:1]
315 139
[SYSTEM:GAMMA]
[DEBRIS:20:6]
[CLUSTER:209:737]
149 736
200 636
205 805
212 757
214 744
285 743
228 730
206 747
203 755
244 700
107 651
130 740
152 737
192 759
119 692
248 755
216 591
156 746
311 828
221 739
[CLUSTER:998:249]
966 315
1004 116
998 249
1008 230
1084 216
1020 262
875 182
985 207
986 259
922 240
1034 182
903 313
1019 159
913 245
935 201
1074 262
969 355
1051 259
1131 251
917 270
[CLUSTER:764:217]
723 255
772 255
801 176
837 303
679 168
726 245
758 220
763 216
823 205
762 224
698 229
732 267
740 109
774 300
669 271
764 260
652 277
741 268
734 333
767 215
[SPAWNERS:4]
977 115
17 759
620 180
792 231
[SYSTEM:DELTA]
[DEBRIS:20:3]
[CLUSTER:175:312]
219 307
35 311
255 211
134 239
93 281
232 270
64 235
212 312
144 323
203 304
140 380
91 309
158 306
269 196
114 406
248 294
106 369
160 316
161 307
175 306
[CLUSTER:867:1]
875 27
931 16
963 44
965 -59
899 83
860 108
879 5
918 -57
873 -3
798 -97
878 -1
781 -49
872 -36
889 56
885 138
958 1
809 -121
944 103
860 -57
816 -27
[CLUSTER:429:799]
425 854
410 901
408 714
453 755
523 706
329 700
405 865
317 836
490 727
403 764
550 856
431 811
409 819
313 710
483 822
429 799
428 731
283 799
346 775
431 776
[SPAWNERS:8]
47 23
0 848
220 952
645 190
136 83
457 827
353 715
122 529
[SYSTEM:EPSILON]
[DEBRIS:20:3]
[CLUSTER:657:741]
629 761
656 741
533 817
639 804
658 742
673 690
656 787
679 720
683 872
633 620
775 736
784 814
661 857
641 742
602 667
779 778
744 732
685 726
684 689
615 883
[CLUSTER:501:538]
594 472
482 531
564 455
601 526
418 553
585 563
442 601
493 668
501 538
437 639
518 563
491 445
547 540
496 594
518 651
374 513
582 635
584 619
475 449
505 519
[CLUSTER:935:539]
1007 543
940 658
989 635
823 601
935 519
924 655
850 513
933 531
973 438
941 557
940 460
1008 613
881 473
1063 528
901 520
937 534
842 596
880 479
892 598
887 582
[SPAWNERS:8]
0 558
439 620
984 669
31 577
676 2
243 102
210 192
717 944
[SYSTEM:ZETA]
[DEBRIS:20:9]
[CLUSTER:172:715]
168 797
202 757
72 671
115 643
42 776
260 715
224 810
168 736
212 814
172 652
234 596
205 756
171 676
238 699
252 750
121 771
168 811
282 630
177 689
299 690
[CLUSTER:195:113]
208 57
238 48
130 20
211 122
214 192
200 89
192 114
192 -16
169 190
199 115
104 145
172 147
246 -21
217 70
110 76
168 120
202 166
259 50
165 56
229 -13
[CLUSTER:370:404]
370 357
343 296
400 371
428 414
398 350
372 403
345 343
434 367
319 329
325 384
498 362
380 388
294 439
441 373
323 470
429 323
499 330
392 460
389 405
517 380
[SPAWNERS:6]
383 805
972 842
155 466
542 469
361 485
455 436
[SYSTEM:ETA]
[DEBRIS:20:6]
[CLUSTER:191:407]
192 535
248 405
150 374
197 458
316 478
96 420
84 324
66 434
314 434
181 363
249 355
62 361
138 444
75 420
213 320
329 458
234 498
239 441
131 433
184 439
[CLUSTER:837:385]
781 323
885 405
736 369
769 434
895 433
947 449
900 334
899 410
800 452
879 463
866 398
852 382
847 402
873 435
798 400
842 380
719 422
749 345
814 430
909 279
[CLUSTER:974:642]
1052 700
949 698
1009 703
1014 653
974 644
1039 630
968 718
1106 667
981 667
930 777
977 639
1110 650
993 646
975 641
988 658
1094 579
961 547
836 696
1015 654
1019 757
[SPAWNERS:2]
86 853
352 175
[SYSTEM:THETA]
[DEBRIS:20:9]
[CLUSTER:397:717]
501 813
367 832
323 643
301 737
388 723
496 709
371 755
421 788
397 697
456 705
401 625
392 756
363 696
345 703
365 713
484 780
350 643
344 706
376 722
402 720
[CLUSTER:879:54]
770 79
914 53
849 134
909 -81
900 189
822 35
819 89
981 78
750 107
951 135
960 91
875 74
927 54
912 137
850 34
861 3
863 48
798 71
825 56
854 124
[CLUSTER:693:734]
632 701
682 838
693 809
678 727
679 750
580 684
734 648
786 645
654 820
598 648
722 794
677 705
640 646
610 791
758 722
769 832
719 705
731 814
687 864
572 786
[SPAWNERS:15]
633 39
166 147
406 280
238 628
688 556
561 966
891 598
289 109
895 197
220 138
186 582
652 12
521 243
623 572
163 715
[SYSTEM:IOTA]
[DEBRIS:20:3]
[CLUSTER:454:549]
550 541
449 540
561 465
432 617
379 467
493 664
472 618
577 586
472 549
536 497
370 649
454 552
513 473
442 653
559 471
440 560
450 541
519 633
424 539
385 593
[CLUSTER:666:97]
682 135
784 72
714 89
648 241
625 -41
672 102
692 68
696 49
570 128
666 95
669 -23
643 77
674 97
673 124
756 1
766 72
617 4
611 81
687 129
761 47
[CLUSTER:342:44]
309 -90
325 18
282 79
352 -22
361 188
358 109
314 52
464 8
354 -102
324 -50
219 43
300 59
316 91
338 41
339 62
350 41
434 150
381 176
325 -43
340 46
[SPAWNERS:16]
300 998
136 326
807 873
417 755
930 863
20 506
576 292
759 861
298 197
19 340
481 312
591 774
107 373
38 479
846 195
571 292
[SYSTEM:KAPPA]
[DEBRIS:20:3]
[CLUSTER:529:512]
536 557
604 510
445 609
582 499
548 417
562 535
383 534
543 539
632 554
494 471
531 508
527 516
544 432
531 588
548 503
448 461
425 544
584 569
554 519
593 645
[CLUSTER:926:17]
1004 111
833 -95
867 -18
930 10
924 20
966 4
983 -75
807 -22
849 38
929 -7
938 6
1015 -57
953 24
1031 -27
924 19
910 57
976 32
920 114
848 59
1028 7
[CLUSTER:292:133]
333 120
350 212
278 111
270 176
282 111
410 117
274 161
355 106
349 42
401 225
334 24
327 115
288 115
199 24
251 156
267 101
214 119
381 214
292 47
311 155
[SPAWNERS:6]
685 749
685 635
982 645
396 343
558 405
971 566
[SYSTEM:IAMBDA]
[DEBRIS:20:3]
[CLUSTER:267:471]
239 365
219 511
177 543
227 515
139 535
208 430
132 454
256 372
328 404
310 556
164 396
283 484
254 542
291 431
279 447
266 471
299 475
247 420
259 482
207 577
[CLUSTER:981:343]
963 355
1077 272
1060 418
920 224
974 403
1079 389
989 267
988 369
914 343
975 361
937 478
958 355
981 343
1117 361
972 343
905 262
903 328
866 374
950 383
869 349
[CLUSTER:122:773]
130 777
95 886
43 801
112 772
119 680
113 703
198 688
220 702
124 768
118 772
209 740
16 684
223 832
109 756
-7 793
126 797
198 878
157 915
201 888
93 905
[SPAWNERS:14]
460 230
952 629
976 410
473 302
383 104
86 972
857 798
641 651
902 469
746 649
625 612
963 832
794 951
409 203
[SYSTEM:MU]
[DEBRIS:20:9]
[CLUSTER:361:309]
338 320
347 425
358 295
434 298
264 304
361 219
340 313
444 275
336 319
284 275
473 399
259 388
362 309
423 313
304 352
424 441
475 365
302 342
308 386
364 331
[CLUSTER:521:153]
584 123
498 46
437 256
555 160
536 157
541 119
436 153
509 280
489 132
563 291
509 139
475 236
580 181
471 99
570 178
582 159
497 153
531 148
533 63
499 149
[CLUSTER:900:217]
871 347
957 122
948 188
891 210
912 220
759 264
1019 156
878 205
875 324
929 101
904 107
1010 146
895 217
907 112
926 271
990 115
818 172
874 209
1001 213
900 217
[SPAWNERS:21]
113 752
339 692
917 947
979 342
674 794
721 950
225 927
471 961
139 963
603 521
798 480
585 532
815 112
670 634
431 724
468 575
724 53
685 311
504 772
230 702
760 660
[SYSTEM:NU]
[DEBRIS:20:3]
[CLUSTER:851:313]
916 288
852 166
840 314
858 349
877 432
746 208
846 308
912 196
971 333
878 393
796 405
858 315
835 242
836 354
843 286
848 281
830 365
833 384
982 250
980 254
[CLUSTER:734:539]
744 539
735 539
729 541
773 550
801 539
712 439
700 559
756 537
687 619
743 601
779 456
784 491
645 641
680 504
774 541
655 597
732 540
681 429
713 559
701 504
[CLUSTER:459:108]
480 140
374 149
464 20
480 49
560 94
461 199
331 67
443 208
534 213
457 118
579 75
476 121
564 38
497 191
410 56
460 97
382 107
470 4
482 155
448 101
[SPAWNERS:22]
250 912
615 856
407 544
289 447
557 540
762 844
923 874
593 831
26 708
438 829
811 912
145 44
928 682
940 750
285 381
649 786
590 162
4 467
511 18
137 428
495 660
289 342
[SYSTEM:XI]
[DEBRIS:20:3]
[CLUSTER:27:505]
33 514
47 470
2 589
-25 392
154 548
-28 460
36 468
-26 501
43 549
-76 491
172 473
33 481
114 566
-95 525
24 507
46 567
37 624
-67 615
32 643
-15 539
[CLUSTER:793:212]
896 314
809 216
872 187
790 211
841 299
800 250
704 232
882 155
864 118
665 252
860 126
749 328
793 211
828 70
752 209
754 290
760 288
781 238
858 184
707 262
[CLUSTER:365:762]
335 728
450 685
409 798
317 870
257 782
350 824
432 780
339 762
369 788
307 810
417 896
232 725
362 780
384 734
405 678
375 889
350 811
381 710
457 745
382 615
[SPAWNERS:24]
900 230
171 619
520 25
230 810
432 264
615 405
130 113
992 639
732 493
903 701
619 790
350 924
66 199
739 815
577 111
54 32
672 594
215 236
254 343
571 786
580 425
415 395
39 782
206 193
[SYSTEM:OMICRON]
[DEBRIS:20:6]
[CLUSTER:718:717]
736 726
642 744
757 685
736 721
744 623
758 756
779 601
634 713
581 737
683 847
822 745
712 738
843 757
805 647
659 827
782 769
727 585
655 672
685 755
758 744
[CLUSTER:262:379]
170 410
240 397
370 438
191 273
308 420
235 362
358 315
171 491
373 351
308 394
181 368
262 362
315 485
257 378
341 286
328 351
220 259
149 385
262 375
230 511
[CLUSTER:760:559]
789 501
787 694
697 677
796 479
726 496
758 573
762 559
635 617
771 559
743 536
723 495
707 484
756 509
796 596
767 555
804 506
849 462
855 461
776 526
789 541
[SPAWNERS:25]
689 616
375 779
862 73
366 87
145 639
103 641
300 225
376 893
833 308
74 40
406 402
61 463
288 361
839 386
789 495
525 362
487 0
603 885
372 347
839 332
749 181
485 488
825 725
633 96
462 850
[SYSTEM:PI]
[DEBRIS:20:3]
[CLUSTER:223:392]
300 486
194 505
220 403
241 410
274 284
278 277
227 346
317 380
274 362
253 300
235 418
249 400
170 372
218 396
127 394
109 373
203 461
287 477
229 364
211 252
[CLUSTER:173:106]
171 105
255 177
241 222
134 111
80 86
151 111
170 111
130 85
200 76
254 50
169 105
161 138
192 90
99 78
256 49
90 99
171 71
273 143
195 115
238 142
[CLUSTER:51:602]
-46 602
-1 599
-12 580
89 742
150 713
25 603
145 623
54 629
49 639
98 545
-1 593
32 546
108 648
-20 694
114 629
-7 652
-13 535
85 663
44 690
29 532
[SPAWNERS:29]
501 115
819 53
134 192
756 718
803 356
635 191
290 997
674 720
86 480
420 975
900 425
292 891
854 183
66 930
1 79
715 170
688 620
201 717
43 601
373 634
483 989
147 961
770 519
516 427
559 178
746 143
801 137
328 894
625 242
[SYSTEM:RHO]
[DEBRIS:20:9]
[CLUSTER:658:427]
772 484
703 344
569 364
668 478
742 411
609 466
639 422
650 443
656 421
628 416
533 357
599 394
625 380
711 338
687 444
649 558
653 417
659 425
598 420
562 353
[CLUSTER:87:286]
209 325
120 142
53 286
70 288
-19 282
115 239
88 266
54 429
116 306
33 364
11 196
29 354
89 286
31 265
77 294
52 292
60 422
-49 284
181 333
-31 240
[CLUSTER:233:358]
251 495
332 307
325 311
240 486
242 334
237 351
324 389
171 301
263 416
307 332
257 240
130 466
285 382
156 468
220 315
122 377
198 231
232 361
304 355
237 360
[SPAWNERS:14]
898 520
668 757
108 472
510 576
706 285
110 10
997 162
434 220
951 353
687 88
762 87
427 278
86 991
712 866
[SYSTEM:SIGMA]
[DEBRIS:20:9]
[CLUSTER:384:377]
375 452
384 367
394 374
403 360
322 262
376 368
476 370
504 432
384 379
359 423
416 365
417 341
408 371
340 372
463 315
247 402
445 388
505 351
495 332
464 473
[CLUSTER:284:218]
303 205
315 213
300 347
317 91
196 274
273 260
284 301
298 195
369 308
263 350
371 191
291 238
364 233
142 224
229 134
322 329
356 207
392 186
261 240
271 166
[CLUSTER:772:213]
670 253
683 281
739 195
693 198
897 260
772 214
731 242
731 209
726 225
823 156
688 129
769 171
725 243
848 129
743 308
887 203
712 164
773 215
873 226
815 283
[SPAWNERS:31]
967 384
521 144
897 280
981 765
742 588
567 807
525 689
448 449
216 737
567 139
345 303
186 2
850 17
459 387
888 530
16 397
76 917
334 266
726 182
371 653
166 637
517 281
170 767
432 868
838 651
771 944
25 123
72 5
545 637
344 411
948 251
[SYSTEM:TAU]
[DEBRIS:20:3]
[CLUSTER:577:484]
596 459
587 530
565 427
505 427
578 514
683 429
671 536
585 393
551 537
581 484
572 454
595 511
445 425
485 538
512 462
578 484
577 492
550 433
688 509
526 550
[CLUSTER:218:104]
214 171
268 129
247 181
316 105
206 54
218 104
252 219
226 174
195 87
73 132
246 142
255 54
122 197
145 102
212 -24
205 -14
288 130
307 7
287 84
252 170
[CLUSTER:285:54]
285 54
252 43
282 -12
342 -72
293 56
367 144
268 159
299 -41
318 26
415 68
257 90
313 76
191 103
271 -11
261 16
308 111
232 108
330 4
386 61
178 29
[SPAWNERS:36]
388 399
845 297
67 187
947 809
188 706
460 733
887 185
898 867
183 277
401 855
890 403
540 658
688 206
381 438
916 910
786 738
92 778
145 228
396 385
337 268
583 156
760 164
862 432
665 362
312 391
882 731
286 263
278 743
96 659
897 635
986 269
806 551
24 857
147 271
91 250
704 391
[SYSTEM:UPSILON]
[DEBRIS:20:6]
[CLUSTER:975:508]
1002 411
943 472
1039 633
1081 438
1086 422
1028 404
1058 574
1015 512
950 538
1032 491
862 531
988 445
992 494
973 511
894 529
960 457
974 452
930 486
983 511
950 606
[CLUSTER:804:223]
797 188
882 346
730 110
822 222
822 197
699 242
790 212
811 222
732 196
830 203
726 160
860 313
773 209
810 235
773 268
799 215
785 171
864 194
809 196
901 265
[CLUSTER:667:630]
603 649
718 572
646 576
600 709
744 598
615 675
674 627
731 644
754 542
568 581
656 673
749 652
739 536
651 641
673 563
569 705
791 682
691 536
579 552
598 649
[SPAWNERS:16]
124 676
94 505
734 729
22 180
123 933
586 514
118 341
183 34
944 6
836 157
161 122
519 211
283 635
175 368
780 896
443 358
[SYSTEM:PHI]
[DEBRIS:20:9]
[CLUSTER:161:541]
39 463
160 531
161 564
122 649
157 535
159 541
176 506
183 599
71 580
60 621
171 494
201 623
172 573
149 589
121 551
211 573
142 474
152 660
174 536
133 566
[CLUSTER:706:62]
599 64
812 56
785 131
651 169
709 62
585 31
611 159
685 42
731 68
679 189
673 -4
602 42
706 59
690 73
757 29
704 46
788 65
699 65
729 -19
754 -17
[CLUSTER:233:713]
227 701
299 747
112 665
259 624
203 623
245 651
340 797
207 737
364 666
218 757
193 679
241 709
146 817
269 838
281 817
234 700
155 680
307 652
115 680
328 652
[SPAWNERS:2]
96 519
627 850
