[WORLD_SIZE:6]
[SYSTEM:ALPHA]
[DEBRIS:20:2]
[CLUSTER:520:284]
456 318
639 322
520 278
474 334
381 328
618 306
431 210
640 331
534 281
534 288
421 369
609 323
467 208
487 214
464 374
458 213
522 325
407 195
514 231
493 274
[CLUSTER:759:160]
746 174
696 200
904 158
676 249
757 137
678 172
771 191
706 37
807 178
764 159
774 295
739 155
688 119
659 137
700 202
669 116
744 32
846 95
757 149
791 107
[SPAWNERS:6]
667 367
101 418
702 973
732 119
804 477
105 765
[SYSTEM:BETA]
[DEBRIS:20:4]
[CLUSTER:248:76]
248 76
121 129
306 171
200 193
222 47
238 78
250 -28
187 110
213 -20
307 44
264 75
133 90
247 -45
168 71
255 62
260 2
180 152
259 57
228 59
135 53
[CLUSTER:398:176]
546 162
479 191
402 300
440 229
369 201
499 99
474 84
398 138
450 155
405 178
329 308
360 188
362 191
436 53
397 181
485 112
418 70
272 230
496 125
367 287
[SPAWNERS:8]
539 548
162 489
257 523
4 333
837 945
237 690
380 465
453 793
[SYSTEM:GAMMA]
[DEBRIS:20:4]
[CLUSTER:20:24]
-26 54
19 33
69 -16
-6 -7
28 41
90 75
43 36
81 24
154 4
-47 -3
51 131
12 -66
14 -32
-44 134
20 27
73 99
-90 -50
-15 137
-68 -2
31 41
[CLUSTER:207:610]
258 694
187 587
222 610
289 576
276 679
154 474
325 636
289 506
197 617
164 641
229 614
198 523
187 565
313 545
192 578
169 593
260 595
156 665
206 641
139 524
[SPAWNERS:6]
81 716
969 50
665 530
683 258
143 921
689 709
[SYSTEM:DELTA]
[DEBRIS:20:2]
[CLUSTER:160:395]
39 349
234 432
68 309
276 440
131 498
139 297
153 259
105 444
186 291
114 459
100 447
69 319
93 451
129 344
117 395
242 511
126 421
151 449
216 374
258 314
[CLUSTER:597:52]
481 67
725 5
562 -51
706 147
536 -20
556 4
606 8
559 30
570 59
649 63
580 17
633 104
544 79
604 112
622 0
614 101
608 61
594 -43
706 102
614 130
[SPAWNERS:12]
262 336
225 5
608 780
439 688
741 649
977 829
71 506
697 959
804 536
5 416
852 532
879 96
[SYSTEM:EPSILON]
[DEBRIS:20:2]
[CLUSTER:647:435]
742 368
573 396
599 388
646 447
553 421
647 435
750 333
634 404
732 400
519 466
709 471
647 435
553 348
779 476
599 352
617 395
624 323
642 448
629 352
560 491
[CLUSTER:426:23]
404 21
372 92
477 -86
371 131
338 140
330 -10
402 35
564 60
529 96
503 21
529 -58
359 -35
369 -73
446 22
452 111
427 23
413 103
318 31
391 -6
431 10
[SPAWNERS:10]
920 988
606 502
137 826
222 647
863 123
369 392
528 675
972 485
834 352
475 263
[SYSTEM:ZETA]
[DEBRIS:20:6]
[CLUSTER:676:741]
647 630
653 813
616 816
685 722
676 737
647 743
728 681
640 721
715 675
699 674
646 787
657 751
787 733
685 750
703 846
664 858
660 742
671 645
724 855
679 801
[CLUSTER:435:149]
426 207
415 204
419 283
389 94
500 160
492 165
473 160
325 111
371 165
460 33
490 99
416 168
468 169
469 160
438 164
453 167
449 163
432 199
450 92
442 40
[SPAWNERS:7]
541 44
902 45
830 221
753 529
391 179
383 685
594 841
