[WORLD_SIZE:17]
[SYSTEM:ALPHA]
[DEBRIS:20:21]
[CLUSTER:236:387]
253 425
307 264
131 383
140 491
262 413
297 302
345 465
330 490
146 404
241 412
126 437
244 373
213 348
325 399
142 402
179 313
228 467
139 445
104 457
132 380
[CLUSTER:985:444]
968 423
980 421
1002 434
1105 525
972 394
934 438
878 545
1090 346
950 458
938 417
977 438
1045 480
1032 427
877 537
974 489
853 416
961 318
1042 460
997 467
953 478
[CLUSTER:965:737]
889 766
953 642
880 644
936 729
951 741
913 723
930 702
935 737
941 870
940 745
925 811
1038 672
939 821
986 597
942 874
966 737
1038 659
919 770
894 715
964 787
[CLUSTER:470:19]
400 59
579 -67
500 -29
511 33
355 -46
534 77
431 123
459 46
498 6
503 115
421 -71
508 -68
540 135
512 -72
592 -64
466 20
459 -15
460 145
339 23
507 -38
[CLUSTER:616:406]
700 292
618 409
618 423
629 423
566 460
541 530
662 351
489 387
657 516
699 405
636 373
566 423
760 416
659 431
593 509
703 303
540 470
493 364
538 484
608 416
[CLUSTER:938:456]
907 409
938 456
848 477
946 546
945 509
903 573
832 369
963 489
1050 375
994 526
1016 437
995 399
931 452
889 465
869 500
960 463
936 451
803 508
882 488
954 421
[CLUSTER:733:604]
754 751
702 591
605 635
726 524
789 661
836 549
705 639
737 596
833 591
700 546
733 601
703 466
621 661
630 590
778 565
719 549
772 541
762 587
757 575
758 599
[SPAWNERS:2]
0 795
15 905
[SYSTEM:BETA]
[DEBRIS:20:14]
[CLUSTER:481:742]
524 615
581 732
430 687
402 725
394 684
548 781
383 777
624 706
541 721
459 736
579 675
549 677
514 725
473 795
460 737
364 752
524 825
547 647
431 720
512 682
[CLUSTER:428:311]
386 386
458 238
432 316
507 306
480 279
376 243
430 373
486 328
349 401
500 319
435 354
447 265
430 306
429 312
503 263
412 326
411 325
526 417
429 310
384 400
[CLUSTER:697:475]
671 423
773 583
678 500
684 447
719 479
660 520
617 596
730 572
639 391
668 423
702 609
624 469
810 564
615 505
697 389
747 509
695 475
784 534
699 436
670 350
[CLUSTER:454:240]
454 244
569 195
515 220
557 306
464 182
536 224
412 214
577 253
448 295
414 366
482 215
500 141
438 307
379 259
390 120
399 249
426 296
459 336
475 216
440 350
[CLUSTER:987:111]
985 114
1053 20
1124 74
1014 212
986 155
979 90
1000 103
987 205
886 109
964 163
923 119
992 116
839 107
1018 114
1061 133
927 69
932 26
1014 84
925 200
939 8
[CLUSTER:141:360]
190 382
142 361
71 282
92 269
181 387
201 450
189 240
271 374
130 370
121 366
189 319
141 360
143 355
87 253
170 492
144 347
199 474
16 413
108 444
55 337
[CLUSTER:259:393]
287 430
246 274
257 298
288 314
362 485
263 386
334 350
331 333
178 391
269 436
282 397
331 269
305 419
238 339
307 328
172 292
373 393
220 449
259 396
262 399
[SPAWNERS:1]
989 195
[SYSTEM:GAMMA]
[DEBRIS:20:21]
[CLUSTER:222:785]
297 846
205 683
332 764
283 660
238 751
240 904
216 802
237 793
225 791
220 785
211 800
270 710
242 669
222 915
192 778
167 816
208 923
279 800
333 738
235 785
[CLUSTER:681:336]
756 384
676 329
625 458
601 442
625 295
809 405
728 331
685 338
636 336
685 285
676 331
733 445
681 279
682 356
697 341
708 474
675 375
683 345
666 371
639 359
[CLUSTER:296:541]
347 603
359 520
221 494
323 684
304 506
330 553
353 630
283 479
283 546
341 544
306 556
294 548
325 514
339 497
327 646
295 548
270 605
291 444
381 535
229 572
[CLUSTER:746:587]
745 494
758 446
740 581
663 552
743 589
780 505
656 626
602 616
649 643
880 568
784 651
717 523
751 638
710 545
709 533
696 718
853 580
762 463
662 584
723 614
[CLUSTER:191:446]
212 444
190 401
67 406
219 402
159 428
288 483
276 465
144 419
235 587
251 485
185 385
162 535
63 516
175 450
230 368
297 548
148 466
60 512
141 430
97 369
[CLUSTER:196:621]
147 635
104 618
287 551
134 586
307 669
318 592
127 493
292 542
173 581
315 574
288 523
214 620
111 741
236 638
236 648
280 506
206 568
72 655
199 623
286 683
[CLUSTER:771:561]
843 645
780 561
852 586
691 460
760 456
748 422
818 443
847 492
644 599
831 688
710 566
781 452
757 546
783 608
827 513
854 481
754 639
808 527
758 568
765 480
[SPAWNERS:3]
510 152
26 262
950 567
[SYSTEM:DELTA]
[DEBRIS:20:21]
[CLUSTER:839:519]
857 530
872 480
919 552
698 492
807 511
767 462
788 554
823 641
833 520
779 547
884 478
832 524
880 545
925 626
789 567
834 636
739 514
969 543
890 573
843 521
[CLUSTER:510:441]
467 512
374 470
650 452
510 419
540 419
477 420
565 465
512 441
589 339
496 454
605 336
574 394
484 441
494 462
364 446
485 401
511 420
469 549
606 392
586 477
[CLUSTER:653:609]
664 663
682 543
537 629
594 572
513 654
649 603
695 644
687 648
625 621
609 628
586 643
576 568
690 688
593 549
668 533
699 626
596 628
675 484
550 608
574 648
[CLUSTER:145:316]
189 375
165 458
167 422
166 314
61 384
180 302
177 422
103 312
230 249
154 359
202 428
238 354
20 346
144 316
210 188
80 233
46 367
142 312
164 288
18 368
[CLUSTER:416:271]
273 271
365 198
359 323
499 180
431 264
405 293
495 232
366 265
385 295
357 169
431 236
413 277
362 282
401 268
443 313
304 174
368 268
416 260
437 303
316 268
[CLUSTER:358:128]
344 209
360 180
362 73
317 182
265 91
261 106
393 149
365 128
478 183
421 -6
404 146
287 41
213 108
245 146
350 168
226 73
301 195
489 178
300 161
316 196
[CLUSTER:722:305]
711 305
735 326
721 300
664 254
766 312
608 365
741 446
759 276
637 358
737 327
730 317
692 236
765 307
657 206
695 304
846 372
725 271
687 401
729 451
838 379
[SPAWNERS:7]
200 19
991 802
939 767
599 418
927 952
748 162
554 756
[SYSTEM:EPSILON]
[DEBRIS:20:14]
[CLUSTER:818:263]
726 378
931 275
790 134
726 369
899 197
828 225
825 180
817 259
673 275
788 198
778 315
690 220
890 133
696 312
695 231
825 267
904 344
902 294
826 191
942 318
[CLUSTER:919:396]
906 348
971 445
975 500
945 483
916 273
889 531
895 447
1008 396
901 511
947 342
892 301
879 387
965 444
902 361
815 416
919 393
907 426
987 385
924 513
823 460
[CLUSTER:949:184]
890 143
1035 167
931 159
926 311
1017 213
917 96
941 160
917 164
889 109
944 199
942 199
1004 191
980 117
899 276
1054 162
943 167
854 185
933 202
1021 311
900 122
[CLUSTER:169:449]
115 356
235 442
151 458
126 363
250 447
121 470
120 356
108 468
201 330
165 577
293 488
83 540
183 493
104 502
284 450
215 469
140 434
195 455
160 543
249 382
[CLUSTER:933:392]
933 525
1026 485
999 261
883 518
910 496
930 337
960 472
1023 350
926 413
985 464
941 272
944 520
1019 446
927 365
1055 433
899 488
934 389
1041 476
1007 500
900 391
[CLUSTER:196:82]
198 84
203 160
264 67
308 93
300 94
108 86
201 83
93 140
262 -36
182 95
274 -38
281 115
152 215
185 129
255 -43
194 83
215 136
220 71
312 163
296 33
[CLUSTER:417:713]
414 791
463 717
464 780
493 684
404 703
449 705
426 825
407 675
376 813
355 642
351 694
395 737
477 755
462 854
439 810
506 617
421 712
427 713
395 858
357 618
[SPAWNERS:10]
237 11
783 682
391 707
216 562
407 254
657 347
455 924
749 972
344 26
164 248
[SYSTEM:ZETA]
[DEBRIS:20:14]
[CLUSTER:454:479]
442 514
473 553
482 456
491 551
474 502
465 341
457 620
437 482
553 458
443 476
454 518
439 479
446 347
476 491
548 432
458 545
464 523
578 447
447 333
456 467
[CLUSTER:742:247]
884 244
729 368
772 236
834 218
742 227
742 241
675 246
732 129
708 157
773 275
676 116
839 341
680 141
874 232
688 165
866 211
770 107
885 245
711 332
665 247
[CLUSTER:737:585]
668 602
738 719
710 622
792 607
740 581
773 585
748 562
774 612
775 668
850 511
739 520
673 609
703 549
757 585
767 478
749 637
697 560
875 594
723 579
731 584
[CLUSTER:888:612]
914 738
799 665
931 580
790 542
912 572
750 668
812 681
918 564
938 643
916 660
971 549
820 586
887 647
910 619
1005 525
997 689
898 702
767 576
874 673
866 536
[CLUSTER:2:381]
-13 376
-96 451
44 333
-55 444
-72 403
1 385
-70 341
-20 464
42 385
75 289
90 463
48 397
47 350
83 456
113 333
-73 444
-141 340
-2 453
26 337
-26 318
[CLUSTER:10:495]
115 446
-54 463
68 616
-108 537
-42 372
-116 510
8 513
39 484
25 505
-6 419
-46 388
78 507
-86 499
-25 553
-110 463
-36 459
-39 475
-12 578
87 425
-114 508
[CLUSTER:479:153]
582 107
497 39
534 93
455 283
472 84
475 201
390 271
407 166
460 263
609 120
467 156
518 146
462 44
444 66
489 163
547 96
477 165
469 91
496 138
481 150
[SPAWNERS:10]
438 132
458 135
390 785
717 217
925 208
546 854
639 428
738 932
733 406
852 812
[SYSTEM:ETA]
[DEBRIS:20:7]
[CLUSTER:598:358]
513 291
605 281
525 236
696 419
625 305
588 324
579 346
543 370
592 446
657 281
585 288
500 413
726 313
466 349
607 399
517 440
554 262
453 354
699 428
581 333
[CLUSTER:138:354]
29 262
126 488
-7 371
106 344
252 335
194 446
251 258
160 337
174 298
6 406
174 343
131 320
150 443
129 459
176 367
93 283
131 413
216 475
157 371
155 387
[CLUSTER:349:300]
273 312
475 290
313 320
257 322
429 251
329 309
319 445
433 210
295 177
220 369
378 366
349 267
349 302
277 225
349 299
372 301
290 281
321 325
343 326
470 380
[CLUSTER:29:558]
-114 580
-63 535
40 642
51 466
-101 556
65 491
106 504
-2 491
27 410
37 665
24 552
17 600
29 555
38 565
9 562
107 558
46 526
-19 471
-33 581
-42 444
[CLUSTER:712:728]
579 706
649 791
686 791
575 747
767 720
668 734
672 734
801 699
662 741
668 733
694 720
704 797
665 695
705 696
788 741
661 678
629 667
762 698
819 738
771 842
[CLUSTER:931:40]
939 37
996 -86
983 44
906 149
846 -27
840 120
940 14
963 25
929 107
864 47
930 -44
931 42
961 12
903 22
1007 -73
848 -23
953 7
824 94
897 -34
795 5
[CLUSTER:706:435]
588 360
761 473
729 478
643 417
764 429
674 435
600 462
786 457
740 331
695 366
709 437
673 343
669 569
688 393
733 448
764 501
699 427
746 488
720 463
712 373
[SPAWNERS:8]
577 289
463 258
729 755
605 625
654 988
81 206
980 39
286 967
[SYSTEM:THETA]
[DEBRIS:20:7]
[CLUSTER:229:76]
235 20
195 73
221 -71
228 134
312 -42
92 40
132 150
249 93
157 1
204 78
243 74
202 220
172 152
102 25
270 88
308 54
249 70
148 66
98 61
269 169
[CLUSTER:421:76]
499 19
522 -18
417 76
433 97
475 7
459 144
460 104
431 111
408 43
397 11
462 130
490 84
384 127
556 26
389 47
531 105
410 76
418 100
392 92
372 42
[CLUSTER:271:734]
267 746
238 845
260 715
205 766
388 815
169 723
248 778
150 755
253 734
304 678
231 741
397 800
257 751
264 741
187 778
300 722
189 791
179 791
200 685
227 595
[CLUSTER:34:723]
29 778
-24 815
36 702
34 723
-3 663
-25 712
53 804
-89 776
-31 818
-16 636
-58 706
175 683
55 691
31 724
-21 739
32 721
22 719
161 740
159 701
24 755
[CLUSTER:22:513]
20 506
22 580
5 507
-64 554
-6 535
61 609
31 372
57 562
24 612
20 426
126 505
-4 536
-73 527
13 562
104 626
-35 514
37 512
-26 501
148 526
63 441
[CLUSTER:628:374]
703 405
675 360
562 304
632 376
716 432
625 374
629 283
662 319
626 379
559 405
635 345
609 397
669 351
653 391
684 458
564 340
706 375
594 465
713 447
491 353
[CLUSTER:422:53]
412 52
457 49
298 128
458 170
338 24
462 23
296 54
387 78
498 67
464 7
277 55
469 -32
429 14
526 82
344 19
471 110
455 52
374 101
510 96
491 98
[SPAWNERS:7]
718 36
154 600
701 611
179 589
250 632
75 76
604 399
[SYSTEM:IOTA]
[DEBRIS:20:21]
[CLUSTER:806:246]
810 225
802 241
811 150
870 315
838 266
922 155
805 239
815 236
782 287
882 318
810 238
840 212
792 245
784 216
812 147
881 161
851 330
940 209
799 171
918 175
[CLUSTER:876:204]
921 218
869 218
923 107
839 292
912 321
876 204
805 231
885 173
879 169
876 204
876 144
811 286
900 229
876 204
876 204
819 280
992 174
972 104
876 191
990 214
[CLUSTER:100:312]
219 287
203 222
236 252
100 285
79 324
186 416
155 225
177 278
-24 366
15 297
101 311
48 228
19 381
101 304
-18 230
157 348
188 313
120 227
131 324
-38 266
[CLUSTER:789:332]
869 261
793 318
716 360
875 355
811 361
933 368
696 345
741 265
801 332
829 300
798 321
791 336
825 279
653 385
906 391
850 344
761 322
780 321
763 386
795 356
[CLUSTER:405:742]
414 838
483 675
468 785
272 703
474 794
444 706
505 732
399 736
404 701
430 787
448 639
404 660
427 704
398 745
354 831
391 732
532 811
402 735
409 741
491 800
[CLUSTER:731:577]
667 499
770 564
614 554
713 576
750 564
716 573
638 490
844 551
721 565
614 591
682 559
772 717
703 630
720 501
716 577
727 509
848 497
653 597
743 581
815 535
[CLUSTER:758:69]
766 40
732 -9
812 78
798 41
693 86
758 125
762 71
733 26
750 35
730 -71
810 95
760 68
892 133
768 218
790 -5
882 91
746 53
761 68
780 73
718 37
[SPAWNERS:2]
169 513
770 435
[SYSTEM:KAPPA]
[DEBRIS:20:7]
[CLUSTER:125:594]
183 611
263 590
122 709
161 531
156 582
118 596
236 509
91 581
143 506
193 571
129 555
176 651
153 705
125 588
89 606
225 585
146 508
111 676
87 633
11 614
[CLUSTER:272:447]
252 494
270 468
272 447
272 384
265 431
390 382
267 432
238 312
235 496
211 429
172 393
246 484
333 396
267 539
282 500
262 400
392 451
273 451
328 543
233 449
[CLUSTER:488:73]
443 151
394 126
485 74
553 -6
490 85
542 123
574 171
464 80
494 70
485 128
473 -21
444 -37
546 90
511 104
563 134
488 89
399 2
409 -45
572 124
523 86
[CLUSTER:136:109]
125 109
53 122
161 121
121 240
186 116
218 35
114 248
58 30
110 160
161 98
98 65
186 72
100 87
266 106
166 214
128 126
243 136
145 -34
121 4
279 82
[CLUSTER:272:714]
307 834
249 730
254 699
279 721
273 703
221 615
314 712
315 724
341 636
294 738
284 671
397 633
324 651
350 707
252 574
351 823
218 767
264 696
228 796
335 620
[CLUSTER:834:382]
693 347
709 303
829 380
964 309
744 329
700 426
832 364
848 289
906 328
789 305
848 419
926 377
884 452
835 324
705 451
815 341
873 510
918 334
826 274
843 449
[CLUSTER:753:681]
834 804
622 679
695 663
807 795
828 700
822 668
831 682
804 699
762 568
724 691
838 579
749 645
665 684
794 599
697 809
696 631
815 787
742 614
705 707
744 671
[SPAWNERS:2]
167 745
708 484
[SYSTEM:IAMBDA]
[DEBRIS:20:14]
[CLUSTER:455:635]
353 527
332 705
449 629
512 532
464 698
423 633
459 635
571 678
442 578
478 523
465 765
481 581
412 598
521 549
402 644
469 666
467 553
452 651
456 644
391 546
[CLUSTER:281:563]
380 591
157 586
293 677
348 518
186 475
290 570
358 559
184 455
259 710
214 603
290 557
292 480
312 647
197 681
304 519
288 510
209 551
277 555
264 531
334 492
[CLUSTER:719:473]
719 474
725 574
738 452
691 346
712 476
710 502
658 428
695 473
794 578
741 359
662 557
674 466
742 443
719 477
747 477
705 457
592 534
800 446
716 509
651 469
[CLUSTER:158:74]
128 177
176 96
225 107
105 62
153 126
138 79
182 51
94 92
165 208
200 40
152 66
160 70
66 106
149 113
23 52
33 103
94 -52
289 8
158 -21
138 23
[CLUSTER:789:135]
699 66
792 116
857 250
794 121
836 8
891 241
793 158
873 102
727 237
786 138
812 271
649 92
810 161
828 194
792 132
661 88
786 167
830 175
783 159
781 136
[CLUSTER:923:88]
1015 134
917 81
916 73
873 105
1012 -26
925 94
991 133
923 88
891 -10
921 90
1001 74
932 -5
1028 121
884 140
965 100
821 72
952 115
822 50
824 179
933 144
[CLUSTER:348:543]
387 553
342 542
344 535
414 438
350 543
432 532
327 621
375 476
353 540
342 444
363 434
389 523
279 664
467 473
407 552
287 586
351 645
238 608
351 547
272 484
[SPAWNERS:10]
326 432
971 273
242 895
829 298
646 746
505 174
451 373
833 220
823 948
207 363
[SYSTEM:MU]
[DEBRIS:20:14]
[CLUSTER:49:512]
28 556
192 510
145 610
-17 594
29 458
74 608
55 458
176 533
67 435
-1 439
71 549
38 400
-11 637
13 530
85 473
-47 500
31 569
138 570
116 421
64 478
[CLUSTER:62:116]
150 201
13 80
-45 182
12 79
42 20
108 80
69 177
37 28
-28 181
14 65
55 122
-29 163
202 108
-28 140
46 156
62 110
117 45
65 118
183 33
40 187
[CLUSTER:965:445]
872 351
1002 449
1015 368
965 446
1109 441
968 377
985 469
957 408
965 319
906 578
986 457
998 460
941 428
892 489
968 447
952 356
977 533
885 428
966 594
959 445
[CLUSTER:628:562]
493 548
619 589
533 564
650 618
635 583
689 592
648 560
722 506
678 651
628 562
678 588
576 535
685 470
716 562
749 507
579 507
605 583
609 533
596 558
689 656
[CLUSTER:283:200]
346 197
240 100
285 210
278 216
217 219
195 118
417 139
286 159
328 158
293 301
281 98
171 117
180 169
335 169
190 229
351 175
279 126
231 119
327 213
244 135
[CLUSTER:69:735]
47 707
62 733
67 741
81 697
-9 630
62 822
155 681
133 689
93 729
142 747
-66 772
-26 810
60 728
36 672
177 679
17 859
125 757
7 684
63 834
-17 768
[CLUSTER:799:683]
824 706
791 587
673 747
726 626
904 691
742 709
825 679
738 696
795 680
902 590
839 744
801 683
799 722
832 717
844 774
834 729
702 575
763 634
900 760
847 797
[SPAWNERS:11]
952 242
998 335
486 139
746 691
491 618
57 171
816 769
817 756
32 693
231 836
215 188
[SYSTEM:NU]
[DEBRIS:20:21]
[CLUSTER:364:375]
495 435
380 362
247 444
328 464
404 384
382 439
498 413
419 391
263 371
317 449
424 326
314 370
384 398
396 379
449 414
379 331
364 377
350 312
327 343
366 389
[CLUSTER:362:558]
405 676
369 548
275 561
407 533
288 528
330 664
399 617
354 630
449 539
287 580
371 487
330 626
275 445
380 628
354 558
431 668
481 646
348 545
471 610
494 492
[CLUSTER:4:350]
1 380
-38 370
12 333
14 419
-118 328
77 468
62 379
-97 405
-69 373
67 243
-42 277
50 456
108 367
39 301
-39 210
-37 293
130 413
43 431
73 287
70 332
[CLUSTER:662:32]
660 36
599 145
680 51
615 63
557 97
662 -83
542 -50
559 3
688 -46
683 -101
596 57
701 82
638 134
716 -45
615 -99
611 -31
571 45
694 46
683 90
669 59
[CLUSTER:723:433]
757 354
848 354
731 535
787 486
827 528
712 372
718 435
580 411
783 448
849 434
778 305
767 405
605 367
654 389
609 425
698 296
772 358
834 367
744 374
718 377
[CLUSTER:556:373]
483 430
665 353
537 332
488 315
455 454
690 417
608 340
684 330
515 472
554 441
589 338
454 415
506 318
652 283
564 430
605 343
646 358
559 368
561 371
547 351
[CLUSTER:769:380]
764 439
719 352
769 377
832 423
748 356
783 357
809 405
749 363
730 359
784 321
757 317
677 435
778 404
625 393
769 291
767 382
761 381
823 400
779 374
692 443
[SPAWNERS:25]
340 426
156 414
686 278
460 592
294 970
598 456
408 832
210 570
613 731
440 465
288 664
354 152
699 506
935 456
121 10
570 984
39 50
26 480
287 285
610 981
750 858
347 660
88 494
739 518
780 372
[SYSTEM:XI]
[DEBRIS:20:21]
[CLUSTER:82:544]
97 481
87 559
143 534
189 623
3 591
90 551
-29 481
101 565
79 547
46 669
194 611
168 561
99 523
77 564
56 553
39 605
82 564
107 459
124 549
29 601
[CLUSTER:269:656]
246 619
221 695
338 616
275 681
128 703
258 782
224 656
268 522
278 569
158 605
344 739
303 649
205 563
304 793
277 684
271 641
243 595
281 692
262 684
263 802
[CLUSTER:787:564]
919 614
851 465
922 570
787 632
776 481
828 551
683 605
865 637
756 588
858 440
711 525
728 493
836 542
778 550
812 592
785 563
809 553
810 473
917 562
800 488
[CLUSTER:993:322]
942 218
950 357
1045 301
1060 219
1104 248
968 408
1103 422
1116 291
1024 368
1082 285
1073 256
978 331
1116 378
979 328
993 421
878 344
957 466
1088 244
963 276
1054 419
[CLUSTER:136:142]
130 142
228 34
7 78
176 128
122 137
123 163
136 152
150 198
136 164
128 139
193 40
136 159
145 74
113 192
133 142
110 146
133 190
187 139
138 105
114 31
[CLUSTER:632:164]
615 243
614 148
541 61
578 96
715 112
616 216
640 188
624 190
580 231
727 156
680 129
621 226
616 166
635 170
505 188
654 200
641 122
632 160
647 163
624 164
[CLUSTER:829:393]
829 391
814 278
902 418
843 330
771 432
811 519
829 393
838 388
800 402
717 384
865 346
847 384
816 324
819 363
897 334
820 445
819 415
822 381
941 489
755 311
[SPAWNERS:2]
148 312
853 868
[SYSTEM:OMICRON]
[DEBRIS:20:14]
[CLUSTER:3:357]
3 357
-3 256
15 367
-11 385
-78 340
30 311
36 358
44 438
-30 380
-7 367
-103 392
-101 294
-90 428
-14 440
43 445
136 415
52 319
41 407
1 350
65 349
[CLUSTER:846:330]
910 445
873 424
755 445
861 350
846 330
787 298
852 328
806 316
882 192
950 350
973 372
834 251
740 262
888 374
845 340
746 431
839 330
804 382
920 275
860 234
[CLUSTER:41:355]
-10 359
37 260
54 352
29 337
20 404
33 300
84 347
89 250
30 342
18 467
82 365
36 499
4 366
5 321
79 334
2 399
46 255
38 449
56 280
63 336
[CLUSTER:246:406]
145 445
184 433
245 396
194 399
196 469
242 392
220 507
187 427
279 524
246 489
223 340
285 410
228 395
239 526
270 529
242 417
264 353
164 327
248 404
217 370
[CLUSTER:247:694]
170 611
362 687
191 788
236 690
237 708
254 740
191 671
174 580
315 744
226 841
299 636
274 740
237 625
255 831
254 720
241 718
225 664
154 637
170 678
226 705
[CLUSTER:465:675]
516 641
443 820
465 675
487 727
552 696
468 736
448 696
465 675
435 806
485 624
326 682
600 619
465 654
332 734
466 681
472 567
557 671
491 555
524 560
358 670
[CLUSTER:635:450]
647 463
587 328
582 317
641 461
635 446
623 541
732 516
546 511
620 543
701 565
682 550
585 476
669 416
550 460
626 462
687 421
663 407
662 492
671 430
618 584
[SPAWNERS:23]
405 146
169 215
462 750
810 253
235 459
681 439
89 259
484 317
135 319
573 486
765 65
395 927
496 863
950 747
559 699
990 669
302 941
512 34
678 734
899 847
760 818
920 384
525 611
[SYSTEM:PI]
[DEBRIS:20:21]
[CLUSTER:194:698]
166 691
251 821
261 680
179 696
195 700
293 721
185 610
248 642
163 587
190 698
224 657
260 828
178 660
282 663
260 640
190 738
171 716
143 725
214 692
113 807
[CLUSTER:675:690]
661 556
707 771
708 654
709 558
675 690
745 650
627 684
585 677
734 582
671 636
685 633
617 731
684 678
758 724
566 760
702 733
659 551
752 583
676 689
684 766
[CLUSTER:85:105]
78 105
45 45
144 137
29 58
77 196
130 -11
211 98
148 14
-52 103
29 230
157 23
113 37
93 24
143 137
122 97
103 79
-58 95
81 103
84 98
85 1
[CLUSTER:222:642]
176 609
298 611
196 654
156 647
160 704
285 706
217 618
182 621
176 735
216 613
162 768
299 577
327 707
202 660
306 729
254 669
134 706
231 603
216 706
343 576
[CLUSTER:454:220]
340 259
414 176
468 120
408 273
312 203
484 163
441 221
373 215
434 171
414 134
464 172
460 212
398 214
493 131
382 304
558 270
532 174
554 193
467 263
334 290
[CLUSTER:41:425]
128 347
146 523
108 383
28 459
31 536
122 340
7 280
-27 433
66 324
51 494
-14 464
24 388
39 435
91 353
127 390
110 462
67 357
120 377
-46 508
-14 398
[CLUSTER:51:631]
79 528
-2 560
46 630
97 539
61 729
84 622
20 501
7 522
93 569
-11 536
182 588
13 619
135 535
11 586
36 663
-31 581
-66 657
-71 635
-36 593
-76 683
[SPAWNERS:29]
116 73
194 433
755 309
171 734
743 693
855 299
948 48
734 100
679 924
872 104
18 893
45 551
696 99
621 979
998 34
200 40
578 893
322 68
588 492
462 1
22 667
897 686
691 264
988 829
857 313
862 872
124 774
477 805
832 245
[SYSTEM:RHO]
[DEBRIS:20:14]
[CLUSTER:548:695]
571 749
421 702
480 693
435 695
558 695
613 618
668 710
488 611
492 694
582 696
518 834
518 618
548 763
507 644
618 727
590 675
483 606
487 778
501 767
555 695
[CLUSTER:359:136]
412 216
323 179
300 151
410 56
341 143
291 259
363 175
369 154
309 148
364 136
461 185
374 134
451 128
289 99
383 123
376 109
370 81
362 171
285 160
378 136
[CLUSTER:139:791]
45 762
166 733
159 801
51 739
187 766
155 793
236 690
40 789
238 848
89 815
174 809
173 821
97 707
39 817
139 785
148 797
220 755
108 796
143 753
180 765
[CLUSTER:400:646]
403 781
414 568
346 644
507 694
393 585
426 687
418 582
404 666
425 622
416 664
472 710
392 696
395 614
436 667
441 566
418 575
469 718
320 594
320 632
344 628
[CLUSTER:466:563]
480 542
465 535
587 486
596 511
394 638
513 548
469 418
400 550
421 693
442 596
367 627
466 563
414 533
469 504
473 566
484 548
503 507
404 594
429 522
460 598
[CLUSTER:260:680]
293 601
276 600
218 741
270 555
148 655
393 679
278 564
198 640
367 665
236 590
258 544
140 611
253 686
200 637
242 592
236 685
243 701
375 764
114 688
251 531
[CLUSTER:639:73]
581 156
742 44
566 89
651 -1
651 112
689 120
668 206
676 68
662 104
629 92
697 204
640 73
737 169
644 38
604 58
627 118
584 29
638 65
634 -15
740 73
[SPAWNERS:22]
519 746
989 16
858 602
427 701
777 537
715 154
854 840
383 372
533 305
341 207
18 56
109 361
443 645
376 417
594 186
458 308
530 933
445 73
96 127
57 385
429 96
574 306
