[WORLD_SIZE:2]
[SYSTEM:ALPHA]
[DEBRIS:20:3]
[CLUSTER:489:203]
415 83
496 242
450 213
438 119
437 242
549 170
470 165
514 291
413 215
479 190
602 161
559 167
384 304
474 70
466 261
549 302
614 168
498 236
414 198
449 59
[CLUSTER:632:764]
600 789
641 788
597 868
660 759
641 791
565 769
713 717
514 803
719 740
637 778
618 839
555 643
718 878
763 824
510 698
633 741
622 780
720 768
550 865
625 771
[CLUSTER:597:104]
646 182
719 88
596 117
733 110
610 145
616 159
696 187
563 140
549 210
597 101
596 105
689 207
561 44
637 5
688 51
567 66
585 144
604 210
462 106
611 85
[SPAWNERS:2]
894 416
231 427
[SYSTEM:BETA]
[DEBRIS:20:9]
[CLUSTER:710:779]
693 684
722 813
683 792
748 790
648 661
709 782
683 751
748 832
670 825
699 799
668 830
719 803
582 717
736 882
594 787
654 774
708 779
710 793
705 786
709 736
[CLUSTER:557:684]
566 691
578 696
538 672
658 749
542 669
609 806
472 632
571 762
463 684
475 650
603 671
480 651
557 687
606 561
662 702
629 642
559 628
446 778
592 682
577 665
[CLUSTER:742:544]
759 633
816 428
734 498
739 555
687 461
762 514
772 672
737 537
844 485
754 530
731 604
838 543
657 589
722 633
672 571
805 544
691 450
664 464
703 638
750 563
[SPAWNERS:3]
513 761
777 422
723 744
