[WORLD_SIZE:24]
[SYSTEM:ALPHA]
[DEBRIS:20:14]
[CLUSTER:262:223]
159 198
260 227
309 171
258 224
380 262
239 274
288 281
161 306
351 163
209 165
252 311
377 182
274 181
258 161
335 219
342 229
325 88
267 243
208 259
290 206
[CLUSTER:286:215]
379 313
419 225
275 215
294 277
282 250
290 186
207 274
266 307
296 229
363 169
286 225
330 192
220 328
185 151
283 140
281 221
173 138
325 195
361 88
306 207
[CLUSTER:549:658]
587 666
544 653
540 734
545 560
667 673
447 636
616 529
628 558
659 680
562 648
477 554
564 702
605 623
639 717
487 790
545 565
693 684
574 566
514 691
535 636
[CLUSTER:31:210]
147 212
127 158
-37 84
18 244
143 157
115 196
74 329
4 115
50 190
58 174
99 286
-14 314
2 162
23 167
-65 282
45 222
-25 268
71 188
-77 190
-75 204
[CLUSTER:209:213]
265 174
240 228
182 181
205 236
217 103
63 222
221 293
164 226
199 179
242 153
337 247
311 293
323 215
92 293
345 267
206 199
218 271
250 293
215 149
217 126
[CLUSTER:247:632]
246 630
236 679
364 632
284 695
115 619
231 700
267 616
252 679
307 670
256 567
255 691
204 575
236 616
248 773
258 652
259 715
253 636
247 632
326 713
239 615
[CLUSTER:932:191]
1008 66
895 277
951 241
981 212
974 250
940 186
939 61
835 82
1029 168
948 198
982 300
867 286
893 234
915 261
969 242
936 179
908 144
978 116
1021 127
909 175
[SPAWNERS:1]
965 355
[SYSTEM:BETA]
[DEBRIS:20:7]
[CLUSTER:877:205]
829 167
779 299
844 248
921 245
870 161
929 147
824 216
842 131
915 223
860 273
920 200
910 197
965 258
904 213
904 162
843 228
905 232
865 178
983 228
856 183
[CLUSTER:428:296]
456 319
425 307
373 239
417 430
366 338
438 177
482 285
402 216
339 407
398 200
427 160
408 214
451 328
389 366
293 324
421 298
545 217
289 342
499 284
416 296
[CLUSTER:547:798]
520 809
587 851
574 882
543 814
545 715
611 838
612 814
548 756
619 798
596 699
425 732
619 871
515 898
549 796
516 774
477 787
545 799
523 910
547 798
548 826
[CLUSTER:33:646]
-10 538
9 689
82 668
107 588
52 620
-3 558
84 602
35 635
30 645
132 746
24 650
-100 696
49 624
35 642
-32 688
52 714
32 538
78 659
9 678
76 538
[CLUSTER:439:362]
522 276
545 351
409 356
366 396
375 272
481 332
524 443
323 417
453 242
476 311
387 361
469 386
468 238
503 339
295 322
422 420
407 284
409 348
398 491
439 367
[CLUSTER:661:276]
677 248
576 253
635 312
607 242
691 188
632 271
661 277
565 292
690 251
671 345
744 339
626 243
673 285
621 263
768 217
656 178
696 310
659 299
589 220
647 231
[CLUSTER:928:193]
827 97
881 231
938 68
940 135
990 146
951 237
969 100
913 191
857 259
924 308
940 136
947 211
822 186
933 193
805 191
917 171
950 230
929 196
917 138
1029 151
[SPAWNERS:4]
323 952
164 688
65 165
690 640
[SYSTEM:GAMMA]
[DEBRIS:20:14]
[CLUSTER:315:39]
342 70
254 76
223 -46
215 9
324 39
321 93
269 122
321 61
298 -66
305 4
415 99
336 58
360 47
348 50
265 110
236 75
278 -72
348 -72
308 -60
379 114
[CLUSTER:29:478]
49 469
138 567
128 488
-27 390
54 507
103 423
27 429
27 456
-6 448
26 500
-104 506
-99 540
-15 468
40 429
8 488
-62 584
15 544
24 477
26 481
-17 582
[CLUSTER:953:670]
966 697
980 658
946 732
1051 721
976 647
1032 662
936 688
964 656
889 591
973 670
978 787
1011 697
945 688
942 563
993 687
964 677
1005 619
909 654
964 646
904 774
[CLUSTER:22:343]
-14 272
57 332
1 280
4 330
22 340
-12 309
-59 389
-38 401
91 255
29 297
22 345
-12 330
-18 347
97 253
72 360
-36 387
13 347
-77 326
8 301
26 345
[CLUSTER:747:492]
612 544
796 530
845 557
808 442
809 487
721 620
724 363
782 447
688 419
748 461
868 560
861 447
757 513
700 505
619 459
747 492
792 492
820 562
655 529
610 468
[CLUSTER:879:260]
882 242
829 314
813 196
895 253
890 250
750 255
777 250
876 199
1025 275
876 228
857 144
787 260
774 278
742 243
785 269
886 275
917 252
898 228
837 353
1011 250
[CLUSTER:422:208]
396 198
457 318
443 230
335 122
471 250
443 214
322 157
422 272
338 325
447 310
385 182
526 274
517 117
482 243
434 170
474 76
365 265
492 256
471 129
418 187
[SPAWNERS:1]
553 207
[SYSTEM:DELTA]
[DEBRIS:20:14]
[CLUSTER:220:143]
322 92
287 42
260 95
170 144
299 190
298 131
316 117
217 142
83 178
355 119
282 130
237 50
274 263
216 160
277 106
186 71
270 121
271 179
162 140
358 172
[CLUSTER:182:329]
288 271
103 394
143 355
149 384
235 397
217 343
146 449
231 244
277 427
171 365
206 449
107 352
197 317
92 245
176 345
217 411
169 313
295 352
78 426
218 435
[CLUSTER:163:479]
172 551
82 492
177 508
262 393
227 418
125 568
113 482
95 499
163 454
145 596
105 461
156 524
167 414
120 366
202 515
157 488
166 521
161 475
42 563
260 555
[CLUSTER:147:733]
144 710
156 750
127 736
10 714
235 670
105 861
109 733
156 731
188 812
29 790
142 746
147 733
143 743
49 627
202 729
166 660
92 717
138 753
124 757
212 648
[CLUSTER:672:475]
675 391
695 492
798 490
795 494
719 434
662 518
641 603
785 452
568 543
597 417
743 558
558 415
672 550
705 361
595 531
756 390
763 386
706 346
727 596
673 470
[CLUSTER:114:99]
135 97
116 100
47 58
70 112
99 121
113 112
177 64
134 62
46 147
88 223
103 151
99 80
102 133
17 99
85 78
49 217
-16 107
54 38
161 130
50 1
[CLUSTER:191:490]
197 473
234 416
193 482
278 378
244 509
116 457
185 479
188 476
240 555
121 418
229 574
205 474
199 522
237 554
179 510
220 352
94 407
216 458
160 559
230 517
[SPAWNERS:2]
914 748
74 875
[SYSTEM:EPSILON]
[DEBRIS:20:7]
[CLUSTER:320:794]
441 751
383 700
360 801
444 848
266 912
322 809
280 652
265 837
369 767
331 807
331 743
365 736
367 883
198 836
303 769
329 782
406 900
372 792
275 872
396 811
[CLUSTER:606:606]
625 580
544 503
545 557
599 522
724 659
670 555
545 643
741 574
602 606
621 622
648 536
550 632
617 583
533 717
621 624
743 598
612 642
608 489
697 539
586 605
[CLUSTER:644:95]
742 55
587 47
669 224
570 84
701 66
585 56
645 116
563 67
787 133
649 33
641 76
694 74
568 129
667 96
774 128
682 86
560 173
671 120
668 72
528 133
[CLUSTER:891:729]
820 729
894 852
846 675
850 816
893 759
889 708
937 748
837 709
950 828
855 706
934 614
813 616
946 712
815 819
893 696
862 705
852 734
908 767
874 639
886 732
[CLUSTER:868:759]
923 760
791 789
912 809
778 767
858 775
950 777
886 874
879 802
866 777
852 804
853 757
897 768
927 647
868 759
798 702
859 673
1008 770
879 801
831 828
850 632
[CLUSTER:641:0]
781 30
744 -73
650 9
612 35
498 29
644 -17
631 -23
584 133
736 34
646 5
499 -12
626 20
606 -29
593 -113
653 47
643 -111
638 10
625 12
606 123
642 -11
[CLUSTER:498:485]
581 477
450 556
486 469
578 437
434 566
542 618
461 467
580 503
489 473
515 487
443 543
510 465
511 499
504 511
482 486
498 482
496 488
431 567
493 486
494 476
[SPAWNERS:10]
277 940
806 316
247 290
305 46
311 606
478 114
635 499
697 967
297 902
19 647
[SYSTEM:ZETA]
[DEBRIS:20:7]
[CLUSTER:205:271]
263 298
162 284
305 361
74 294
238 305
224 247
173 322
209 313
111 357
233 188
287 269
261 221
262 381
193 269
169 295
205 255
241 262
248 299
227 249
190 219
[CLUSTER:111:284]
181 289
117 260
61 321
91 288
203 348
86 291
100 287
66 198
66 292
93 290
80 328
76 427
132 292
29 278
128 270
113 276
224 258
75 344
126 349
111 284
[CLUSTER:362:421]
362 404
377 397
365 427
385 424
364 424
300 488
492 365
349 520
466 467
295 384
445 487
268 382
328 383
364 426
360 356
368 391
361 415
252 404
293 416
231 354
[CLUSTER:238:269]
239 252
237 239
245 261
272 229
145 199
198 280
254 355
210 255
230 269
214 402
258 154
269 268
282 177
156 315
206 137
260 244
163 346
312 371
158 264
244 250
[CLUSTER:63:443]
-36 470
7 431
102 410
68 430
66 407
-31 384
136 367
107 450
95 433
53 443
-29 381
-43 542
128 466
117 443
74 430
25 439
-5 549
84 489
148 431
73 481
[CLUSTER:734:539]
692 463
588 553
746 407
649 625
753 543
761 535
811 507
858 496
768 551
822 500
769 553
704 558
764 550
769 541
708 513
794 583
713 624
764 630
666 496
785 677
[CLUSTER:47:89]
44 68
160 178
45 113
-64 148
69 -30
-8 109
17 -14
-4 7
39 148
17 167
47 74
47 93
39 153
72 55
-77 109
44 96
66 56
101 97
169 124
86 177
[SPAWNERS:2]
364 223
123 534
[SYSTEM:ETA]
[DEBRIS:20:21]
[CLUSTER:789:584]
785 540
782 575
816 640
815 498
786 506
806 523
714 640
765 721
784 540
733 693
789 520
714 711
768 611
725 595
789 486
806 603
796 580
850 700
748 688
801 573
[CLUSTER:47:486]
62 477
138 531
94 544
60 413
78 394
34 491
5 448
103 455
48 467
95 481
175 495
141 453
74 471
59 508
-10 459
84 605
12 471
-25 436
5 528
65 486
[CLUSTER:111:264]
195 332
100 258
96 163
81 284
-14 244
180 360
131 259
214 199
129 247
100 166
157 211
146 195
52 338
111 256
158 261
157 275
103 280
238 200
110 334
71 289
[CLUSTER:646:141]
601 89
645 140
714 130
711 106
740 153
688 72
547 78
590 100
556 27
653 168
634 83
713 179
705 163
617 227
687 194
688 67
633 29
654 141
673 35
612 115
[CLUSTER:535:49]
514 60
627 8
535 52
504 50
519 62
403 44
577 40
661 -8
545 -17
513 120
595 22
549 50
527 22
537 54
570 -2
646 -25
454 126
522 -13
621 -12
517 35
[CLUSTER:442:221]
459 165
302 253
486 260
432 187
509 281
528 316
469 99
532 286
357 108
452 234
422 110
438 219
305 274
433 342
480 289
433 216
373 267
402 169
452 231
330 196
[CLUSTER:866:707]
866 743
798 597
995 735
909 796
925 596
866 688
914 687
832 749
837 691
777 718
891 826
886 707
942 705
969 690
841 673
838 664
846 713
792 703
829 680
840 834
[SPAWNERS:6]
577 675
517 133
494 227
827 307
522 775
493 552
[SYSTEM:THETA]
[DEBRIS:20:21]
[CLUSTER:472:600]
391 573
558 623
527 671
473 640
410 498
385 567
472 639
447 705
496 629
469 699
556 538
566 542
475 615
437 585
596 650
469 617
457 692
524 647
526 539
398 630
[CLUSTER:928:228]
929 222
994 303
946 212
908 259
915 214
969 232
929 331
820 188
911 231
783 255
956 114
895 162
926 213
890 153
870 232
1016 303
911 216
891 137
984 192
899 274
[CLUSTER:380:544]
401 513
454 639
386 510
341 475
394 457
312 535
355 495
362 479
473 541
419 492
318 539
307 458
347 549
265 619
485 624
470 553
328 450
430 525
379 561
393 509
[CLUSTER:432:651]
329 726
424 580
567 702
383 629
501 759
470 616
475 648
426 681
439 647
480 752
410 783
400 660
427 647
305 592
367 651
496 747
439 649
435 669
453 650
356 651
[CLUSTER:871:356]
862 386
857 353
799 376
986 368
859 332
894 306
751 347
867 351
890 281
832 431
904 371
810 354
999 402
873 411
801 340
828 304
734 365
857 342
796 360
981 439
[CLUSTER:528:411]
485 319
499 433
579 441
617 458
624 473
517 270
425 374
497 403
480 276
488 389
513 460
665 404
634 351
617 325
514 414
581 385
539 314
615 445
611 398
510 415
[CLUSTER:285:284]
270 174
185 297
142 270
326 345
168 298
255 270
193 220
264 278
300 319
183 263
285 284
269 318
285 290
325 255
376 239
300 316
247 157
228 309
271 201
232 299
[SPAWNERS:14]
56 230
445 850
38 133
507 965
412 159
487 802
688 789
592 674
190 873
869 664
683 646
153 837
388 563
538 218
[SYSTEM:IOTA]
[DEBRIS:20:14]
[CLUSTER:656:618]
630 642
667 715
734 574
642 668
525 561
734 614
705 625
677 576
651 620
645 624
664 529
594 543
667 571
650 661
653 670
660 632
640 671
629 754
732 559
676 487
[CLUSTER:788:409]
785 444
760 367
738 435
860 431
822 402
796 392
786 415
725 323
844 514
740 438
723 375
805 482
912 392
833 452
750 463
860 437
774 424
766 399
666 470
799 411
[CLUSTER:754:335]
766 359
757 332
788 412
725 200
848 295
723 322
769 348
754 335
880 267
711 431
703 463
767 214
741 378
776 399
809 316
810 343
795 383
775 356
825 345
740 333
[CLUSTER:871:315]
885 312
928 241
807 251
858 171
725 288
880 456
878 319
896 355
811 377
872 312
800 320
748 256
904 432
846 324
879 247
869 280
854 370
862 297
893 267
868 327
[CLUSTER:135:216]
75 201
172 317
145 76
217 254
103 358
95 305
134 212
173 237
199 110
156 176
67 256
118 196
241 210
204 135
203 244
66 270
102 72
30 235
134 153
99 284
[CLUSTER:458:34]
374 67
528 104
383 159
380 88
479 142
464 -103
394 -85
368 94
459 -21
541 -15
433 -85
409 61
428 67
462 10
468 10
329 80
485 42
469 128
466 51
521 114
[CLUSTER:568:618]
538 599
598 624
645 624
491 496
618 645
485 503
681 653
604 706
604 539
590 509
526 635
548 497
536 574
557 590
704 673
639 634
626 666
673 521
600 594
563 611
[SPAWNERS:4]
309 639
91 652
579 555
145 193
[SYSTEM:KAPPA]
[DEBRIS:20:14]
[CLUSTER:390:196]
363 113
390 191
482 277
358 231
303 105
459 175
482 198
370 108
415 186
363 145
325 302
366 187
347 126
335 127
389 198
357 205
462 221
412 151
291 184
394 191
[CLUSTER:455:406]
466 336
479 360
350 436
501 291
464 367
313 369
341 338
522 389
476 367
460 380
389 365
527 473
452 357
479 510
514 400
353 399
457 444
384 345
473 278
419 526
[CLUSTER:397:517]
450 472
329 614
395 489
316 592
285 507
393 505
424 615
396 514
320 478
409 517
409 490
492 509
409 373
352 446
423 404
409 631
449 561
338 495
395 505
352 500
[CLUSTER:901:248]
906 246
776 262
845 288
936 162
901 248
791 281
928 373
923 281
900 357
939 264
968 127
904 253
901 248
1003 355
782 251
935 242
994 200
828 335
985 261
919 251
[CLUSTER:45:176]
174 155
19 151
-66 166
62 165
4 234
40 242
49 172
154 127
97 222
38 94
25 233
-58 118
77 238
41 143
-60 164
49 176
-31 192
23 168
77 187
-2 166
[CLUSTER:611:438]
548 504
618 433
570 330
609 474
636 443
611 438
742 413
704 469
700 403
610 440
613 438
609 388
598 443
576 518
657 513
665 306
612 370
712 386
561 394
474 462
[CLUSTER:199:327]
297 338
181 324
223 344
127 204
243 413
85 345
251 205
180 333
164 397
204 275
162 460
186 189
263 349
202 331
336 367
178 339
143 317
188 324
224 190
205 332
[SPAWNERS:7]
238 554
704 277
609 608
415 546
941 696
344 517
187 387
[SYSTEM:IAMBDA]
[DEBRIS:20:14]
[CLUSTER:867:425]
965 348
984 443
828 294
863 394
870 418
781 377
762 418
867 386
857 434
999 363
1014 429
840 426
868 456
1006 427
909 453
851 396
947 519
878 362
871 413
872 433
[CLUSTER:432:494]
489 463
402 624
430 495
399 368
372 375
435 498
379 440
432 491
488 530
475 535
511 505
482 420
436 489
470 631
345 400
489 465
430 505
398 544
428 525
513 455
[CLUSTER:730:244]
705 212
604 270
742 223
647 284
731 169
738 228
730 178
871 292
676 215
838 180
731 242
639 134
712 140
676 132
847 333
654 216
748 330
851 212
720 252
671 170
[CLUSTER:392:361]
368 293
385 252
426 215
356 392
398 322
392 375
515 442
391 361
364 272
474 436
318 407
371 357
312 363
334 411
357 498
342 347
352 353
305 354
342 284
308 242
[CLUSTER:200:169]
301 65
229 36
106 149
132 81
321 129
181 224
178 83
201 164
128 151
175 191
222 165
189 70
98 200
151 300
340 167
294 134
198 170
319 203
116 123
270 81
[CLUSTER:37:133]
25 124
99 116
59 136
119 204
68 192
41 179
-61 51
44 51
-46 134
47 130
38 135
130 107
81 -4
99 198
64 31
18 53
35 143
-64 133
68 183
55 133
[CLUSTER:322:137]
289 67
434 211
389 63
211 168
204 154
251 109
327 66
339 234
252 45
280 224
342 122
421 137
322 17
296 109
412 150
195 190
379 111
250 53
374 148
315 138
[SPAWNERS:15]
785 212
505 782
150 691
631 411
609 263
296 439
673 353
144 879
718 656
159 244
557 583
96 542
648 533
432 540
278 723
[SYSTEM:MU]
[DEBRIS:20:21]
[CLUSTER:110:290]
101 282
106 262
48 195
143 246
41 388
127 312
100 293
60 153
201 239
84 355
116 296
32 292
121 268
-23 303
-20 348
99 366
57 309
154 208
84 261
172 419
[CLUSTER:259:764]
239 801
177 683
333 865
330 696
164 814
159 858
192 827
274 764
270 731
393 807
237 698
229 757
271 836
259 813
260 769
262 644
302 848
232 794
366 709
227 777
[CLUSTER:244:620]
259 603
296 598
297 597
240 638
301 627
238 571
197 571
261 626
233 621
191 606
300 657
268 559
198 606
147 516
244 621
227 610
241 639
248 720
104 572
271 507
[CLUSTER:184:425]
184 425
257 532
248 456
175 409
214 425
184 425
279 473
134 290
147 489
155 410
206 526
205 324
242 311
202 470
209 436
142 382
307 498
244 429
195 426
242 439
[CLUSTER:148:259]
120 264
148 260
144 248
76 275
190 360
147 401
233 267
178 226
148 269
166 328
80 243
178 184
20 225
126 273
148 276
184 265
139 281
181 318
152 220
256 250
[CLUSTER:268:371]
309 305
263 375
266 361
283 400
267 457
251 466
251 443
292 249
236 393
263 379
218 383
272 380
228 512
225 248
322 258
404 392
275 470
191 278
138 324
219 345
[CLUSTER:65:64]
-44 65
123 -32
149 44
156 110
82 52
98 158
75 75
-46 125
63 119
-55 54
169 -13
25 -11
46 60
-16 68
61 19
20 52
65 64
46 -3
64 162
101 -24
[SPAWNERS:3]
428 699
618 572
561 383
[SYSTEM:NU]
[DEBRIS:20:7]
[CLUSTER:925:777]
973 843
971 742
817 874
964 771
866 645
939 888
1012 681
964 721
890 746
929 719
973 790
1009 792
936 742
867 782
925 776
956 786
800 755
926 789
1062 749
925 786
[CLUSTER:362:699]
418 661
361 709
326 709
362 699
384 585
392 760
350 753
260 634
445 770
427 726
298 649
289 660
318 731
494 656
229 691
473 793
435 716
468 603
415 672
364 689
[CLUSTER:580:225]
625 107
449 285
608 222
501 105
623 195
592 242
716 249
574 253
563 212
522 125
575 175
609 104
607 179
500 301
587 366
526 133
615 282
578 183
569 183
490 303
[CLUSTER:851:668]
838 780
828 712
840 664
863 670
814 782
751 605
858 660
837 625
867 651
877 659
856 541
873 598
885 768
883 697
960 627
948 617
796 617
860 642
849 717
801 670
[CLUSTER:738:1]
715 -4
654 10
822 51
740 1
743 -4
777 15
606 -56
696 40
736 138
844 -81
829 35
839 100
744 5
722 -72
836 -19
844 -95
796 96
638 -12
603 -45
613 -41
[CLUSTER:282:7]
282 10
290 -29
209 -68
283 20
207 -19
193 9
226 24
288 -3
264 -11
334 5
228 72
287 -74
336 0
277 -80
355 9
266 -2
302 -17
280 -12
272 11
347 -87
[CLUSTER:652:21]
572 -41
640 -58
549 8
519 57
641 -85
705 129
553 -29
569 -96
652 0
519 62
606 -61
555 54
618 158
757 124
649 23
619 16
666 8
616 22
641 -46
732 47
[SPAWNERS:25]
306 697
690 402
273 232
65 62
795 120
403 181
947 862
648 26
947 217
715 429
871 887
942 566
227 649
932 264
502 655
505 234
359 935
393 469
681 675
663 495
77 504
583 281
762 852
780 423
972 411
[SYSTEM:XI]
[DEBRIS:20:7]
[CLUSTER:603:143]
513 46
541 172
564 207
705 185
596 172
715 53
601 138
614 -3
603 154
663 114
606 143
527 189
489 96
684 53
482 151
614 132
566 145
739 109
646 41
544 21
[CLUSTER:686:502]
657 551
788 460
733 437
653 471
693 523
650 530
675 470
754 564
783 544
728 487
760 479
684 533
796 475
686 548
695 492
718 526
726 459
660 412
690 506
642 466
[CLUSTER:705:718]
688 703
693 681
722 806
812 636
622 773
822 694
811 797
621 706
666 706
709 706
660 705
795 723
702 726
641 789
769 812
831 781
691 689
753 649
727 599
706 696
[CLUSTER:105:633]
1 710
85 654
126 691
121 639
189 623
114 645
19 677
76 601
223 544
147 508
187 612
92 488
145 741
75 607
92 622
103 635
108 701
103 622
98 556
77 678
[CLUSTER:733:118]
798 13
848 123
855 164
793 33
635 229
685 182
597 150
826 99
647 165
673 56
729 116
757 94
662 222
754 144
782 142
697 125
836 44
755 210
757 80
727 112
[CLUSTER:179:696]
171 798
171 687
127 754
196 700
237 807
149 678
188 711
96 586
218 670
153 755
232 672
191 679
139 657
63 625
176 692
170 595
201 609
267 665
153 678
237 671
[CLUSTER:460:1]
514 -96
513 -124
564 -42
388 -9
479 -3
525 15
445 -4
481 -138
462 1
440 66
479 62
448 116
535 111
523 124
506 -8
454 -23
485 59
475 0
322 -45
460 16
[SPAWNERS:25]
444 388
695 476
594 654
235 322
163 514
227 874
26 953
647 601
373 618
462 106
367 68
412 977
679 19
149 836
151 211
165 809
705 796
423 612
915 9
930 555
284 489
754 999
414 789
141 271
682 518
[SYSTEM:OMICRON]
[DEBRIS:20:14]
[CLUSTER:567:792]
566 781
551 802
576 809
544 924
509 894
467 845
554 644
494 666
542 680
573 739
502 709
599 885
652 856
707 761
669 703
569 788
659 778
551 762
538 695
637 913
[CLUSTER:248:330]
143 356
281 268
178 439
260 365
235 264
352 382
246 344
252 338
278 330
230 344
208 223
171 292
141 426
254 255
254 312
227 350
206 300
165 333
286 378
310 204
[CLUSTER:9:16]
14 11
-26 129
-32 -41
21 -17
9 17
-35 88
31 -48
1 -43
-9 2
18 90
-57 3
-113 24
-3 61
-83 -62
22 49
-23 -17
63 13
-47 -25
46 78
19 83
[CLUSTER:144:647]
58 601
130 519
180 658
158 615
203 704
150 609
239 551
245 628
24 654
78 582
229 692
144 795
100 686
78 640
145 634
241 742
214 560
123 660
208 657
143 645
[CLUSTER:235:458]
329 542
278 474
338 560
276 404
362 472
222 523
191 584
313 585
295 386
226 427
208 403
305 446
201 518
340 499
247 423
242 472
219 465
205 434
276 501
221 460
[CLUSTER:652:711]
553 683
669 696
576 749
737 744
542 793
675 822
778 774
733 791
652 711
690 686
610 816
541 715
626 752
648 725
571 742
638 649
700 643
635 822
600 676
578 828
[CLUSTER:770:731]
675 741
852 686
707 730
761 701
843 735
762 658
784 778
694 721
759 766
883 768
710 730
739 761
841 753
774 743
832 851
814 664
770 742
723 787
644 747
786 715
[SPAWNERS:21]
738 255
350 967
134 589
337 474
848 364
907 908
623 390
300 258
42 956
302 831
417 136
393 471
631 335
101 439
797 125
789 109
949 803
312 984
276 664
610 524
595 655
[SYSTEM:PI]
[DEBRIS:20:7]
[CLUSTER:946:697]
985 560
890 659
946 699
932 651
940 572
847 609
922 642
874 610
918 837
875 656
940 716
1078 745
946 692
937 721
948 695
947 694
921 746
1060 713
854 805
1078 750
[CLUSTER:736:492]
794 424
734 450
735 492
696 470
745 403
759 506
626 417
774 503
717 546
718 532
723 518
748 517
726 505
683 464
746 475
778 542
734 363
591 500
764 391
712 496
[CLUSTER:299:141]
229 219
317 272
375 129
391 198
329 72
237 152
305 181
245 259
223 173
308 108
305 138
215 23
256 142
210 157
258 59
207 27
315 70
293 249
313 148
299 143
[CLUSTER:887:84]
874 82
915 80
838 66
1023 72
742 57
848 117
811 78
843 34
756 30
762 48
941 84
869 198
1029 68
922 35
916 58
887 101
819 193
950 -32
943 139
862 36
[CLUSTER:91:78]
60 101
-13 -14
-14 174
52 -41
164 42
133 209
-23 -3
113 69
212 43
-26 101
-29 76
169 4
37 25
91 79
19 64
103 69
172 111
61 45
76 180
-31 158
[CLUSTER:165:264]
134 206
194 314
113 296
156 220
252 319
143 285
204 287
87 321
189 291
154 255
204 187
231 142
214 238
144 222
83 236
89 383
284 195
263 326
165 275
204 173
[CLUSTER:431:57]
464 75
496 25
341 94
427 56
429 54
390 10
511 -53
544 111
445 -68
518 79
429 176
366 124
370 57
457 -55
427 155
460 176
529 120
429 35
384 48
459 47
[SPAWNERS:7]
93 544
600 639
549 900
690 517
805 147
765 625
992 465
[SYSTEM:RHO]
[DEBRIS:20:14]
[CLUSTER:931:77]
960 170
817 -5
938 96
1071 124
936 34
815 62
863 141
1049 166
844 144
871 86
928 77
817 -7
942 53
927 200
936 162
965 71
1065 38
878 114
926 159
955 56
[CLUSTER:322:47]
410 85
260 63
367 127
338 163
249 111
199 128
309 112
383 18
328 44
303 59
263 -30
248 -1
452 12
401 132
385 166
228 70
298 -3
260 23
318 32
338 177
[CLUSTER:163:474]
137 477
146 570
216 567
154 438
177 381
114 507
161 414
165 590
163 474
171 347
233 473
309 469
107 607
203 474
188 491
85 448
156 489
111 445
182 460
297 523
[CLUSTER:902:33]
918 9
878 52
924 65
903 29
841 -53
788 94
855 151
843 119
902 33
1030 14
859 -102
889 67
915 157
913 31
864 137
902 38
885 -2
861 72
994 3
950 125
[CLUSTER:698:92]
713 96
606 203
698 92
704 -39
579 10
564 44
791 -17
799 140
748 206
704 96
694 97
720 29
741 176
833 74
757 147
783 127
714 66
679 123
721 47
806 167
[CLUSTER:45:531]
167 566
180 514
41 494
54 530
74 528
50 535
-34 468
150 433
-1 469
36 634
40 522
7 423
59 559
40 530
-29 504
-53 530
54 538
121 547
114 480
34 540
[CLUSTER:640:332]
679 404
550 316
498 328
588 272
630 333
655 476
643 333
754 397
626 362
622 323
676 315
503 315
686 225
648 299
647 431
669 266
627 340
701 264
603 339
550 443
[SPAWNERS:26]
555 245
336 170
787 903
314 59
425 372
329 420
403 482
14 286
828 344
910 814
589 289
20 118
589 853
838 364
363 296
678 662
92 882
171 930
80 979
201 233
788 60
404 45
411 867
587 522
830 291
57 137
[SYSTEM:SIGMA]
[DEBRIS:20:14]
[CLUSTER:47:740]
122 865
142 663
134 727
89 702
25 672
53 756
100 728
-18 770
-44 779
47 704
65 753
123 805
7 696
-31 713
47 712
-9 786
-2 769
36 880
-2 728
102 693
[CLUSTER:801:320]
938 285
835 181
752 297
807 391
837 262
849 408
848 407
804 323
802 197
773 329
736 374
840 185
818 246
801 412
780 229
777 395
757 441
926 370
829 284
827 296
[CLUSTER:336:105]
428 109
405 196
255 19
347 49
448 202
299 126
331 104
467 66
447 133
344 129
253 99
271 -2
234 85
340 119
381 147
331 55
393 136
303 91
290 179
232 75
[CLUSTER:183:416]
242 494
49 390
205 562
115 386
276 385
142 509
162 332
39 410
139 414
185 432
109 523
95 379
174 392
196 470
238 403
126 338
123 552
181 418
87 356
164 416
[CLUSTER:865:468]
769 409
876 617
798 495
875 484
865 465
789 494
868 575
853 485
1010 436
854 469
884 449
920 429
898 381
834 503
876 469
876 493
854 470
848 611
858 386
897 383
[CLUSTER:697:392]
676 285
676 366
728 400
680 408
699 381
639 426
581 385
701 488
697 396
616 344
722 392
697 408
658 409
742 330
568 456
665 252
695 333
673 409
694 414
762 299
[CLUSTER:795:682]
824 687
844 692
745 581
795 538
932 633
746 705
761 649
677 600
718 631
759 668
740 597
811 675
901 643
866 782
830 734
850 765
896 671
743 663
809 570
716 695
[SPAWNERS:14]
400 431
240 406
1 643
711 46
717 313
866 703
250 406
707 990
329 973
205 247
539 270
170 346
220 548
499 122
[SYSTEM:TAU]
[DEBRIS:20:7]
[CLUSTER:471:170]
422 280
534 176
469 268
530 157
469 133
564 91
486 180
504 158
458 177
450 170
602 152
541 241
536 72
572 195
412 292
569 64
535 118
519 130
393 112
545 248
[CLUSTER:513:10]
609 69
473 -90
432 -93
514 126
645 -5
497 -110
519 10
552 -125
508 -118
615 -52
516 -6
540 51
465 11
518 -9
543 109
622 52
516 13
607 -32
615 -82
452 -95
[CLUSTER:240:27]
329 116
253 -55
270 -43
161 33
182 74
207 107
238 101
285 162
208 26
232 111
310 106
201 69
288 -53
327 19
240 27
203 74
139 -77
299 -7
173 -52
214 9
[CLUSTER:313:93]
251 43
391 63
256 75
419 128
263 50
449 153
295 18
203 89
355 83
293 127
419 118
352 124
357 142
302 97
311 117
457 100
281 -28
232 208
400 95
313 93
[CLUSTER:277:98]
222 226
210 72
240 130
297 159
276 97
384 14
210 149
245 129
155 49
296 157
186 165
307 41
422 100
286 91
225 28
290 85
264 133
314 138
268 22
229 141
[CLUSTER:809:433]
868 460
847 453
905 485
766 459
799 433
888 535
817 429
826 443
787 409
874 372
902 447
832 436
831 431
795 457
805 422
786 454
842 398
675 404
768 373
797 365
[CLUSTER:765:706]
910 689
738 705
852 675
787 768
762 708
869 661
784 610
794 581
723 701
765 711
751 845
770 700
772 810
767 818
896 666
842 699
776 717
761 690
765 706
811 592
[SPAWNERS:17]
319 776
533 153
367 977
353 191
372 663
722 214
614 784
189 973
297 700
727 266
19 695
99 725
139 513
548 332
38 960
959 852
688 521
[SYSTEM:UPSILON]
[DEBRIS:20:21]
[CLUSTER:218:255]
228 250
240 329
211 259
222 191
251 371
219 367
277 231
223 311
260 266
229 257
217 255
258 233
215 254
272 125
143 359
116 243
167 161
215 264
202 309
218 255
[CLUSTER:260:221]
315 261
261 224
240 220
233 285
168 145
237 212
178 126
244 226
321 209
306 269
407 235
174 211
264 219
205 215
336 204
270 213
260 221
402 238
276 167
217 222
[CLUSTER:778:81]
748 -7
826 -26
871 160
737 176
798 184
858 138
868 180
710 110
801 94
763 80
813 81
785 78
827 166
781 70
879 20
811 80
802 2
653 17
771 76
889 130
[CLUSTER:61:586]
37 562
62 594
80 584
66 524
66 582
45 575
103 657
94 533
172 533
31 580
63 589
97 559
70 540
72 561
133 536
97 530
31 566
137 605
92 587
36 646
[CLUSTER:700:264]
649 244
678 188
723 336
634 273
758 315
729 310
752 285
616 217
734 242
698 261
704 261
787 246
738 407
609 338
797 171
783 298
712 164
691 283
753 314
703 266
[CLUSTER:205:500]
287 479
126 527
214 511
315 528
273 630
210 468
205 489
173 397
179 485
176 420
169 380
189 510
232 364
266 617
196 500
233 472
193 480
162 469
183 453
189 529
[CLUSTER:80:475]
-39 430
63 504
105 508
148 571
136 481
159 406
6 426
44 433
83 472
12 587
7 505
68 439
181 494
56 361
146 511
12 366
17 570
135 482
50 520
-43 506
[SPAWNERS:29]
310 556
149 460
164 681
259 162
212 382
549 100
787 173
136 801
11 998
595 23
225 200
439 457
402 967
901 964
52 882
693 976
672 951
78 570
831 821
142 810
330 958
666 199
721 221
319 454
643 609
240 352
64 977
234 135
539 131
[SYSTEM:PHI]
[DEBRIS:20:21]
[CLUSTER:766:9]
774 12
710 -1
765 5
700 17
655 53
716 -22
678 -41
788 9
730 -113
792 51
780 35
767 19
765 -136
740 -125
818 60
785 127
722 145
764 8
787 18
782 -101
[CLUSTER:219:608]
222 591
108 613
226 705
363 583
108 613
223 516
300 512
214 608
264 589
189 628
172 613
168 658
235 598
213 722
363 602
219 612
217 605
239 620
257 635
150 666
[CLUSTER:518:59]
518 -7
581 148
446 44
513 68
558 116
609 171
493 59
426 16
454 104
559 100
497 -28
456 40
626 67
483 10
439 113
544 42
630 81
638 47
518 181
395 -13
[CLUSTER:688:336]
700 355
647 414
707 352
766 407
701 383
542 346
634 285
666 328
813 380
685 336
735 277
669 317
823 282
648 269
660 335
699 441
616 416
669 339
608 278
759 434
[CLUSTER:539:731]
598 700
548 721
475 668
442 768
535 735
550 870
549 728
535 731
549 679
657 681
595 811
660 729
577 861
542 718
539 797
421 812
498 715
509 595
571 708
568 748
[CLUSTER:969:95]
878 36
962 101
965 95
958 194
1024 15
1005 127
965 96
964 96
848 69
944 159
888 150
852 151
996 -40
940 147
976 74
1099 123
970 84
1083 50
1087 43
958 105
[CLUSTER:834:581]
725 577
737 664
847 586
766 578
838 532
829 579
717 538
896 482
863 515
786 547
764 677
835 657
831 585
833 571
880 638
857 658
701 606
862 556
885 696
933 664
[SPAWNERS:33]
218 305
997 747
787 906
76 657
149 452
567 944
382 559
645 683
351 931
172 45
719 222
904 22
501 584
79 180
114 500
660 662
328 161
218 796
815 485
596 413
231 850
64 458
879 739
584 524
60 819
241 718
148 387
589 648
267 766
897 402
218 955
835 88
953 776
[SYSTEM:CHI]
[DEBRIS:20:7]
[CLUSTER:880:383]
949 491
798 377
1003 459
863 366
862 284
980 301
799 461
909 515
790 373
857 336
964 430
928 467
814 474
762 355
739 429
833 504
888 401
862 331
886 381
844 481
[CLUSTER:554:50]
468 56
519 66
520 11
653 101
571 125
457 62
467 90
601 12
549 -79
577 163
545 71
561 49
549 38
588 106
453 -28
438 30
599 52
601 9
513 54
511 -2
[CLUSTER:385:400]
287 357
482 400
345 500
351 450
351 267
447 415
384 416
399 316
368 386
361 390
384 257
382 397
370 434
450 293
346 271
425 446
393 452
311 475
434 413
293 500
[CLUSTER:36:393]
92 304
153 327
58 420
117 356
76 510
125 506
-12 499
62 417
18 280
34 508
48 275
39 373
39 377
66 318
-34 407
49 286
-55 424
139 352
-5 397
68 484
[CLUSTER:659:265]
674 337
706 178
630 274
654 304
603 314
620 291
658 308
653 249
615 253
589 231
665 264
659 258
649 180
672 266
690 140
647 180
730 329
674 264
602 271
678 286
[CLUSTER:765:141]
825 146
847 107
627 157
680 106
779 50
740 120
810 50
765 141
693 17
761 139
747 150
636 176
785 190
817 43
801 198
778 111
733 201
825 197
627 136
910 169
[CLUSTER:627:372]
573 446
623 411
535 428
625 372
597 513
588 417
600 402
647 404
609 457
590 468
699 355
678 346
693 464
626 388
595 342
624 356
545 483
595 254
630 358
572 405
[SPAWNERS:21]
201 14
222 763
791 230
981 342
788 155
826 423
377 464
559 562
706 872
883 812
456 935
934 622
878 144
604 53
128 837
166 625
31 582
537 997
78 550
347 723
633 905
[SYSTEM:PSI]
[DEBRIS:20:14]
[CLUSTER:534:636]
528 582
476 765
644 552
512 710
531 615
609 708
504 726
533 661
529 636
584 660
568 648
536 609
646 689
669 577
557 653
649 669
458 632
596 720
573 708
628 619
[CLUSTER:113:32]
86 116
95 77
119 37
-27 8
91 12
70 101
86 1
185 -62
66 101
116 12
33 78
46 -30
227 53
117 41
177 57
-2 -40
174 30
128 15
105 -110
48 -66
[CLUSTER:200:476]
147 424
259 496
189 513
326 494
197 382
199 483
200 402
179 331
123 504
230 426
71 529
198 417
182 405
117 437
173 547
150 477
333 411
113 476
233 530
229 435
[CLUSTER:492:742]
538 745
507 763
370 756
447 855
459 753
595 684
560 682
586 854
538 703
503 818
346 737
454 770
430 794
532 709
595 650
547 619
568 741
470 754
510 639
565 686
[CLUSTER:756:270]
762 206
667 168
734 340
672 212
830 225
839 223
767 266
758 272
693 354
814 310
752 275
823 339
751 264
727 297
744 292
826 253
679 270
736 276
748 198
773 325
[CLUSTER:54:259]
54 255
92 266
38 265
141 176
12 352
55 260
-21 358
22 225
42 250
52 381
7 154
61 262
-23 204
94 321
181 317
73 221
71 216
117 201
171 167
-70 255
[CLUSTER:171:373]
179 225
65 317
125 346
220 301
164 373
183 373
166 330
299 380
32 339
210 351
134 411
81 354
171 363
163 251
117 373
285 378
95 312
182 279
259 274
167 377
[SPAWNERS:32]
178 544
911 831
194 410
363 196
352 419
563 971
998 819
699 985
566 889
957 116
106 123
671 814
666 751
344 438
77 153
319 391
757 768
705 2
9 220
433 751
148 760
922 687
475 571
929 832
783 120
572 959
587 567
419 365
739 150
779 193
405 598
16 374
[SYSTEM:OMEGA]]
[DEBRIS:20:21]
[CLUSTER:878:639]
902 711
878 638
808 753
878 672
867 689
817 584
766 648
905 737
856 645
867 621
916 590
743 648
882 648
740 663
932 644
999 614
905 677
1014 696
881 704
859 610
[CLUSTER:757:658]
884 734
757 640
869 572
888 664
726 516
858 623
883 615
757 657
812 761
633 661
772 519
763 547
800 774
681 736
765 642
804 572
827 656
760 715
815 733
885 721
[CLUSTER:828:426]
829 380
937 466
770 492
846 440
805 359
840 531
866 300
729 342
974 426
935 442
932 509
959 413
850 437
830 470
959 457
748 306
894 429
834 383
903 337
852 433
[CLUSTER:937:437]
969 308
910 424
867 481
1038 382
913 464
813 464
839 380
1020 397
985 305
951 447
908 449
998 345
1035 426
945 431
1060 494
1045 476
831 463
961 373
960 448
809 422
[CLUSTER:386:230]
408 218
307 316
386 230
278 135
401 162
343 229
299 250
340 194
480 172
340 299
359 326
365 315
402 114
273 197
416 240
353 330
450 310
339 291
309 197
355 186
[CLUSTER:970:570]
908 577
1086 625
1007 569
976 639
1044 672
868 471
1072 586
964 558
918 525
981 610
1003 569
1018 648
932 510
1056 537
954 579
867 498
987 564
1077 583
901 556
962 582
[CLUSTER:625:133]
642 168
654 144
580 230
521 161
677 73
621 177
566 265
582 164
492 144
486 144
516 116
592 96
624 267
580 126
512 146
749 128
554 88
563 81
662 121
591 131
[SPAWNERS:13]
185 722
851 296
450 598
853 130
4 46
330 260
455 710
954 3
953 701
306 164
458 581
927 350
995 902
